0.000000000000000000e+00,0.000000000000000000e+00,0.000000000000000000e+00,0.000000000000000000e+00,0.000000000000000000e+00,0.000000000000000000e+00,0.000000000000000000e+00,0.000000000000000000e+00,0.000000000000000000e+00,0.000000000000000000e+00,0.000000000000000000e+00,0.000000000000000000e+00,0.000000000000000000e+00,0.000000000000000000e+00,0.000000000000000000e+00,0.000000000000000000e+00,0.000000000000000000e+00,0.000000000000000000e+00,0.000000000000000000e+00,0.000000000000000000e+00,0.000000000000000000e+00,0.000000000000000000e+00,0.000000000000000000e+00,0.000000000000000000e+00,0.000000000000000000e+00,0.000000000000000000e+00,0.000000000000000000e+00,0.000000000000000000e+00,0.000000000000000000e+00,0.000000000000000000e+00,0.000000000000000000e+00,0.000000000000000000e+00,0.000000000000000000e+00,0.000000000000000000e+00,0.000000000000000000e+00,0.000000000000000000e+00,0.000000000000000000e+00,0.000000000000000000e+00,0.000000000000000000e+00,0.000000000000000000e+00,0.000000000000000000e+00,0.000000000000000000e+00,0.000000000000000000e+00,0.000000000000000000e+00,0.000000000000000000e+00,0.000000000000000000e+00,0.000000000000000000e+00,0.000000000000000000e+00,0.000000000000000000e+00,0.000000000000000000e+00,0.000000000000000000e+00,0.000000000000000000e+00,0.000000000000000000e+00,0.000000000000000000e+00,0.000000000000000000e+00,0.000000000000000000e+00,0.000000000000000000e+00,0.000000000000000000e+00,0.000000000000000000e+00,0.000000000000000000e+00,0.000000000000000000e+00,0.000000000000000000e+00,0.000000000000000000e+00,0.000000000000000000e+00,0.000000000000000000e+00,0.000000000000000000e+00,0.000000000000000000e+00,0.000000000000000000e+00,0.000000000000000000e+00,0.000000000000000000e+00,0.000000000000000000e+00,0.000000000000000000e+00,0.000000000000000000e+00,0.000000000000000000e+00,0.000000000000000000e+00,0.000000000000000000e+00,0.000000000000000000e+00,0.000000000000000000e+00,0.000000000000000000e+00,0.000000000000000000e+00,0.000000000000000000e+00,0.000000000000000000e+00,0.000000000000000000e+00,0.000000000000000000e+00,0.000000000000000000e+00,0.000000000000000000e+00,0.000000000000000000e+00,0.000000000000000000e+00,0.000000000000000000e+00,0.000000000000000000e+00,0.000000000000000000e+00,0.000000000000000000e+00,0.000000000000000000e+00,0.000000000000000000e+00,0.000000000000000000e+00,0.000000000000000000e+00,0.000000000000000000e+00,0.000000000000000000e+00,0.000000000000000000e+00,0.000000000000000000e+00
0.000000000000000000e+00,-9.905203605119107177e-03,-1.981052318190194492e-02,-2.971597399915981708e-02,-3.962145770463026961e-02,-4.952670555721577078e-02,-5.943122167624254049e-02,-6.933422634464635192e-02,-7.923459942979201032e-02,-8.913082401908886676e-02,-9.902093040759717135e-02,-1.089024406212830004e-01,-1.187723137122376760e-01,-1.286268921206669968e-01,-1.384618494622620322e-01,-1.482721401679706341e-01,-1.580519514752556087e-01,-1.677946583444341611e-01,-1.774927819491242398e-01,-1.871379524643145553e-01,-1.967208769469083740e-01,-2.062313131691669021e-01,-2.156580503223338163e-01,-2.249888975525410340e-01,-2.342106813202602666e-01,-2.433092525842354692e-01,-2.522695047970443527e-01,-2.610754036582596527e-01,-2.697100294988762359e-01,-2.781556330639253782e-01,-2.863937053163506663e-01,-2.944050617025396055e-01,-3.021699410978611056e-01,-3.096681193900868156e-01,-3.168790373623452949e-01,-3.237819422098481281e-01,-3.303560416726718518e-01,-3.365806693990949228e-01,-3.424354597810809753e-01,-3.479005301379455850e-01,-3.529566677799122476e-01,-3.575855191748880113e-01,-3.617697781843280946e-01,-3.654933701418816572e-01,-3.687416284346177742e-01,-3.715014602217323603e-01,-3.737614979973993834e-01,-3.755122338767257761e-01,-3.767461337562005297e-01,-3.774577288676098097e-01,-3.776436826975499983e-01,-3.773028317695463763e-01,-3.764361993648035476e-01,-3.750469818703207614e-01,-3.731405080672597907e-01,-3.707241722851741805e-01,-3.678073429267489369e-01,-3.644012483926146184e-01,-3.605188428890060970e-01,-3.561746549686825025e-01,-3.513846219280249428e-01,-3.461659133556183043e-01,-3.405367471994768525e-01,-3.345162016952963890e-01,-3.281240263843394067e-01,-3.213804552575278417e-01,-3.143060248050029704e-01,-3.069213994422033132e-01,-2.992472064393554843e-01,-2.913038821159075753e-01,-2.831115306887259098e-01,-2.746897967953021991e-01,-2.660577523614823248e-01,-2.572337981560468556e-01,-2.482355800784734889e-01,-2.390799199659817131e-01,-2.297827604841466698e-01,-2.203591234829260226e-01,-2.108230810563177515e-01,-2.011877384373342847e-01,-1.914652277878613473e-01,-1.816667119019542420e-01,-1.718023968274585145e-01,-1.618815524205851342e-01,-1.519125398772460112e-01,-1.419028453297068448e-01,-1.318591186538093374e-01,-1.217872166973172077e-01,-1.116922502108622789e-01,-1.015786338368887265e-01,-9.145013858666542483e-02,-8.130994630896755393e-02,-7.116070572486440926e-02,-6.100458966993910909e-02,-5.084335324722114718e-02,-4.067839265038403901e-02,-3.051080446678163666e-02,-2.034144531326418856e-02,-1.017099169414599838e-02,0.000000000000000000e+00
0.000000000000000000e+00,-9.905284780817310425e-03,-1.981077039404071163e-02,-2.971655708328187900e-02,-3.962263146817122245e-02,-4.952880974989905954e-02,-5.943468090361868350e-02,-6.933954988458643220e-02,-7.924238090177290750e-02,-8.914174084626029504e-02,-9.903574300199621816e-02,-1.089219912133029544e-01,-1.187975247367470955e-01,-1.286587640642515296e-01,-1.385014580692147668e-01,-1.483206328972376531e-01,-1.581105430969537151e-01,-1.678646255632604556e-01,-1.775754569434725705e-01,-1.872347152347461907e-01,-1.968331463763462741e-01,-2.063605367103499288e-01,-2.158056922461950022e-01,-2.251564257147039005e-01,-2.343995524321181578e-01,-2.435208960102507036e-01,-2.525053049409371475e-01,-2.613366810473374269e-01,-2.699980207272496546e-01,-2.784714698107758624e-01,-2.867383927133650978e-01,-2.947794563833108228e-01,-3.025747293192646570e-01,-3.101037956688154074e-01,-3.173458841160489152e-01,-3.242800109286413934e-01,-3.308851361700312355e-01,-3.371403316984312726e-01,-3.430249591829107603e-01,-3.485188559805502129e-01,-3.536025263523965290e-01,-3.582573351653346450e-01,-3.624657009481615511e-01,-3.662112849586949270e-01,-3.694791727889711330e-01,-3.722560449993698173e-01,-3.745303333385636702e-01,-3.762923592791674321e-01,-3.775344518788603110e-01,-3.782510423586234460e-01,-3.784387332635460455e-01,-3.780963406226918178e-01,-3.772249081339456578e-01,-3.758276930455599074e-01,-3.739101240642849211e-01,-3.714797322657774625e-01,-3.685460565924373322e-01,-3.651205260748917047e-01,-3.612163213872141010e-01,-3.568482187278873008e-01,-3.520324192984960465e-01,-3.467863678252012249e-01,-3.411285636341983563e-01,-3.350783677562689244e-01,-3.286558094058705803e-01,-3.218813949689067200e-01,-3.147759223546292562e-01,-3.073603032366832855e-01,-2.996553953422085859e-01,-2.916818465618680745e-01,-2.834599522623499346e-01,-2.750095267993117321e-01,-2.663497898639558548e-01,-2.574992679592886802e-01,-2.484757109992202784e-01,-2.392960237593919348e-01,-2.299762116853418803e-01,-2.205313403819143259e-01,-2.109755079667346156e-01,-2.013218293679693016e-01,-1.915824315794046606e-01,-1.817684588504202836e-01,-1.718900867806467947e-01,-1.619565443047621678e-01,-1.519761425878169425e-01,-1.419563099016608321e-01,-1.319036316147268462e-01,-1.218238944972079851e-01,-1.117221346185136577e-01,-1.016026881911908375e-01,-9.146924479300670707e-02,-8.132490247476285850e-02,-7.117222433413343541e-02,-6.101329620419233823e-02,-5.084978516839248897e-02,-4.068299867088237542e-02,-3.051394404168350158e-02,-2.034338830005244167e-02,-1.017191813607120320e-02,0.000000000000000000e+00
0.000000000000000000e+00,-9.905296099916664418e-03,-1.981093452272832817e-02,-2.971715717404717350e-02,-3.962409235287879528e-02,-4.953169792380606590e-02,-5.943970442574773860e-02,-6.934755812740442393e-02,-7.925436406643236731e-02,-8.915882914313554009e-02,-9.905920538005243137e-02,-1.089532335061964285e-01,-1.188380870787752452e-01,-1.287103174157406826e-01,-1.385657996791362367e-01,-1.483996805213587677e-01,-1.582063277833415660e-01,-1.679792828142301075e-01,-1.777112160649668149e-01,-1.873938866915689783e-01,-1.970181069855962419e-01,-2.065737125267742835e-01,-2.160495390229009438e-01,-2.254334068615200803e-01,-2.347121144424931527e-01,-2.438714413862499153e-01,-2.528961627146381064e-01,-2.617700750752584571e-01,-2.704760360213802617e-01,-2.789960172636853919e-01,-2.873111726734495219e-01,-2.954019216364937583e-01,-3.032480481316670584e-01,-3.108288156367108312e-01,-3.181230976499144769e-01,-3.251095232620632713e-01,-3.317666368262783272e-01,-3.380730703625039468e-01,-3.440077269102154722e-01,-3.495499726213638914e-01,-3.546798349816336904e-01,-3.593782041791539483e-01,-3.636270343239600966e-01,-3.674095409765350539e-01,-3.707103912861495765e-01,-3.735158829835193428e-01,-3.758141085279901317e-01,-3.775951008831063271e-01,-3.788509576867729045e-01,-3.795759409883601720e-01,-3.797665502343069988e-01,-3.794215667798114811e-01,-3.785420688660449118e-01,-3.771314167052361999e-01,-3.751952080328531114e-01,-3.727412051890283129e-01,-3.697792354532506987e-01,-3.663210669524126217e-01,-3.623802629715570101e-01,-3.579720179028662574e-01,-3.531129783608749073e-01,-3.478210531655963611e-01,-3.421152159510726931e-01,-3.360153041007433172e-01,-3.295418175535597127e-01,-3.227157207799367100e-01,-3.155582509109422507e-01,-3.080907346353523590e-01,-3.003344160754416459e-01,-2.923102974310095581e-01,-2.840389937581668800e-01,-2.755406028387734629e-01,-2.668345907097486869e-01,-2.579396930677947952e-01,-2.488738324508866784e-01,-2.396540508272070324e-01,-2.302964569968947994e-01,-2.208161880319489956e-01,-2.112273838432323914e-01,-2.015431738679154261e-01,-1.917756748121271781e-01,-1.819359983577448769e-01,-1.720342677445590995e-01,-1.620796421648272589e-01,-1.520803479519394763e-01,-1.420437156042857474e-01,-1.319762217554876771e-01,-1.218835352794399585e-01,-1.117705668000125302e-01,-1.016415209581694873e-01,-9.149995087147091977e-02,-8.134881430064548613e-02,-7.119053111372990184e-02,-6.102704170905764308e-02,-5.085986612331624968e-02,-4.069016360937446897e-02,-3.051879252019330455e-02,-2.034637037960572784e-02,-1.017333405791137624e-02,0.000000000000000000e+00
0.000000000000000000e+00,-9.905095565639943783e-03,-1.981073155805595717e-02,-2.971734823225713126e-02,-3.962527230781485998e-02,-4.953466011780291445e-02,-5.944544062388461281e-02,-6.935725828411039295e-02,-7.926941578694815527e-02,-8.918081669897781616e-02,-9.908990811463512516e-02,-1.089946234444399281e-01,-1.188923255332953594e-01,-1.287797503625870144e-01,-1.386529516587216293e-01,-1.485072468059943085e-01,-1.583371645426279450e-01,-1.681363950045511868e-01,-1.778977427707061632e-01,-1.876130836547508784e-01,-1.972733260788334109e-01,-2.068683779530755551e-01,-2.163871200664173877e-01,-2.258173870668767069e-01,-2.351459571679369587e-01,-2.443585517580371125e-01,-2.534398461069917174e-01,-2.623734923513199591e-01,-2.711421558945699140e-01,-2.797275662735804747e-01,-2.881105834125231024e-01,-2.962712800095860244e-01,-3.041890405736256131e-01,-3.118426773489474391e-01,-3.192105630365951185e-01,-3.262707798435918183e-01,-3.330012839737255814e-01,-3.393800842239746984e-01,-3.453854328818513619e-01,-3.509960266460888656e-01,-3.561912148340832807e-01,-3.609512117141726595e-01,-3.652573094301755918e-01,-3.690920876906572667e-01,-3.724396161959155904e-01,-3.752856456889640535e-01,-3.776177835561074780e-01,-3.794256500762275275e-01,-3.807010117276342642e-01,-3.814378884024838268e-01,-3.816326319395877964e-01,-3.812839740484865736e-01,-3.803930424366732121e-01,-3.789633447389822996e-01,-3.770007206516576281e-01,-3.745132634607600819e-01,-3.715112128936031710e-01,-3.680068218840009120e-01,-3.640142004029692235e-01,-3.595491399477451222e-01,-3.546289225917849119e-01,-3.492721186720152970e-01,-3.434983772290335913e-01,-3.373282132293387026e-01,-3.307827953993343617e-01,-3.238837382060242853e-01,-3.166529011488115053e-01,-3.091121981016534681e-01,-3.012834189859885381e-01,-2.931880655821885173e-01,-2.848472028186812000e-01,-2.762813264286108073e-01,-2.675102474462814350e-01,-2.585529936389368566e-01,-2.494277276398975951e-01,-2.401516812701721404e-01,-2.307411053083875119e-01,-2.212112337921707528e-01,-2.115762618052774158e-01,-2.018493356198820254e-01,-1.920425540177981838e-01,-1.821669796027771404e-01,-1.722326589330933355e-01,-1.622486503440541961e-01,-1.522230583888456723e-01,-1.421630738985970310e-01,-1.320750187445375312e-01,-1.219643944729731228e-01,-1.118359340743980274e-01,-1.016936562387647514e-01,-9.154092153763543349e-02,-8.138049005893548127e-02,-7.121458010002834627e-02,-6.104492759886437359e-02,-5.087284605033084994e-02,-4.069928671519192076e-02,-3.052489898186505971e-02,-2.035009078658733470e-02,-1.017508903521726141e-02,0.000000000000000000e+00
0.000000000000000000e+00,-9.904484436991493196e-03,-1.980976397161227087e-02,-2.971653387243897160e-02,-3.962537604448121420e-02,-4.953670218850872442e-02,-5.945069673598953747e-02,-6.936725951580240135e-02,-7.928594813577566347e-02,-8.920592009608421802e-02,-9.912587469279585117e-02,-1.090439948185851909e-01,-1.189578888239613552e-01,-1.288645326663590551e-01,-1.387602126460554808e-01,-1.486404691068772821e-01,-1.585000415656062089e-01,-1.683328158261402363e-01,-1.781317737317331951e-01,-1.878889463095169410e-01,-1.975953711640091870e-01,-2.072410550778789329e-01,-2.168149428757366326e-01,-2.263048936963326374e-01,-2.356976658958469251e-01,-2.449789118648531272e-01,-2.541331840783846996e-01,-2.631439537062306155e-01,-2.719936430827765705e-01,-2.806636732659973377e-01,-2.891345277975415629e-01,-2.973858336048738615e-01,-3.053964597579764684e-01,-3.131446345047080859e-01,-3.206080806603252009e-01,-3.277641690204590175e-01,-3.345900890087871726e-01,-3.410630352701504719e-01,-3.471604083901346227e-01,-3.528600273801194009e-01,-3.581403510328439177e-01,-3.629807047508502582e-01,-3.673615090036572162e-01,-3.712645052047667260e-01,-3.746729745410384838e-01,-3.775719451564124585e-01,-3.799483831067619888e-01,-3.817913626740529476e-01,-3.830922119598802467e-01,-3.838446301663782090e-01,-3.840447736033580917e-01,-3.836913082128730057e-01,-3.827854272474308650e-01,-3.813308336411578847e-01,-3.793336875360850402e-01,-3.768025203288269953e-01,-3.737481174479648782e-01,-3.701833728248255517e-01,-3.661231186512555746e-01,-3.615839345059779775e-01,-3.565839402630746058e-01,-3.511425773676336570e-01,-3.452803830784863526e-01,-3.390187621475179158e-01,-3.323797601466045859e-01,-3.253858422885965718e-01,-3.180596811424328818e-01,-3.104239561399353420e-01,-3.025011672380675254e-01,-2.943134645586179543e-01,-2.858824952977414013e-01,-2.772292686975392773e-01,-2.683740394140287089e-01,-2.593362092098987493e-01,-2.501342465521150249e-01,-2.407856234063038836e-01,-2.313067682916655488e-01,-2.217130344894745475e-01,-2.120186821808484889e-01,-2.022368732200516550e-01,-1.923796772220601192e-01,-1.824580876510935590e-01,-1.724820466339100633e-01,-1.624604772817844212e-01,-1.524013223825760599e-01,-1.423115884140415122e-01,-1.321973939271109399e-01,-1.220640214494055492e-01,-1.119159721616554554e-01,-1.017570227003191108e-01,-9.159028353658153765e-02,-8.141825847348697909e-02,-7.124290488811627076e-02,-6.106569442368447315e-02,-5.088767390671292135e-02,-4.070952632675089305e-02,-3.053163177038184864e-02,-2.035412824744626745e-02,-1.017697238563886573e-02,0.000000000000000000e+00
0.000000000000000000e+00,-9.903207275950285868e-03,-1.980752078743059155e-02,-2.971394741063762904e-02,-3.962338099102892530e-02,-4.953654557694511795e-02,-5.945393831832258835e-02,-6.937577194935194702e-02,-7.930191680057828429e-02,-8.923184231979147674e-02,-9.916455812244105716e-02,-1.090985546415681462e-01,-1.190317435046935324e-01,-1.289613978310179265e-01,-1.388840927168289163e-01,-1.487956462602161023e-01,-1.586910615678619463e-01,-1.685644702863357547e-01,-1.784090783071337061e-01,-1.882171144073888081e-01,-1.979797827049065706e-01,-2.076872199245162198e-01,-2.173284585894857401e-01,-2.268913973630388436e-01,-2.363627798660280221e-01,-2.457281833820022521e-01,-2.549720189238490198e-01,-2.640775441697982284e-01,-2.730268907732266714e-01,-2.818011075024892675e-01,-2.903802205661346059e-01,-2.987433123180441297e-01,-3.068686193101357040e-01,-3.147336503628325732e-01,-3.223153249535654630e-01,-3.295901317822832466e-01,-3.365343068652948966e-01,-3.431240299440856956e-01,-3.493356373881718602e-01,-3.551458491394788308e-01,-3.605320066137065460e-01,-3.654723178690910124e-01,-3.699461058051408124e-01,-3.739340546948645705e-01,-3.774184500145568721e-01,-3.803834063435030943e-01,-3.828150780849331469e-01,-3.847018479249891820e-01,-3.860344883049569575e-01,-3.868062917298142889e-01,-3.870131664584902653e-01,-3.866536949927018574e-01,-3.857291537668397496e-01,-3.842434934987269401e-01,-3.822032807428373813e-01,-3.796176022449230247e-01,-3.764979346826311524e-01,-3.728579832481913048e-01,-3.687134932516559771e-01,-3.640820394710210239e-01,-3.589827983341264406e-01,-3.534363081827427977e-01,-3.474642228483276751e-01,-3.410890635773269342e-01,-3.343339740045854214e-01,-3.272224824144936983e-01,-3.197782749818253167e-01,-3.120249830793402901e-01,-3.039859871073691266e-01,-2.956842386692368763e-01,-2.871421023090020563e-01,-2.783812174635402759e-01,-2.694223807735942611e-01,-2.602854484573798310e-01,-2.509892580806720175e-01,-2.415515687601495487e-01,-2.319890186101672691e-01,-2.223170980826284782e-01,-2.125501377490661981e-01,-2.027013090261568784e-01,-1.927826363428627454e-01,-1.828050192813243380e-01,-1.727782632868720691e-01,-1.627111176279965876e-01,-1.526113193884051367e-01,-1.424856423847874198e-01,-1.323399500208582991e-01,-1.221792512066777886e-01,-1.120077585889954486e-01,-1.018289484509612569e-01,-9.164562174613648249e-02,-8.145996583101182409e-02,-7.127361655133122864e-02,-6.108772041990234020e-02,-5.090299669703140378e-02,-4.071979924921126370e-02,-3.053817811733972390e-02,-2.035794077276015246e-02,-1.017871307804963342e-02,0.000000000000000000e+00
0.000000000000000000e+00,-9.900952048297656863e-03,-1.980337775354946983e-02,-2.970865204645184790e-02,-3.961803739423409854e-02,-4.953262720951538689e-02,-5.945328879402024536e-02,-6.938060569177102732e-02,-7.931481935248541060e-02,-8.925577003930711129e-02,-9.920283695617987396e-02,-1.091548776196349241e-01,-1.191101665580694829e-01,-1.290663334892339920e-01,-1.390203012041078268e-01,-1.489682234729301225e-01,-1.589054233870233479e-01,-1.688263326580514423e-01,-1.787244325140052992e-01,-1.885921969575141133e-01,-1.984210392854946214e-01,-2.082012629073961285e-01,-2.179220176392749619e-01,-2.275712627886353479e-01,-2.371357384753086384e-01,-2.466009467505055064e-01,-2.559511441723016367e-01,-2.651693475629681718e-01,-2.742373547025625524e-01,-2.831357816942973171e-01,-2.918441186603883408e-01,-3.003408052826049834e-01,-3.086033274808107629e-01,-3.166083362183212957e-01,-3.243317890304470708e-01,-3.317491143912565388e-01,-3.388353984669731922e-01,-3.455655931614658449e-01,-3.519147436549126540e-01,-3.578582328920770772e-01,-3.633720397190876583e-01,-3.684330066299557060e-01,-3.730191124033843675e-01,-3.771097443261558491e-01,-3.806859642509932695e-01,-3.837307624609191392e-01,-3.862292932395585687e-01,-3.881690861996661690e-01,-3.895402278110077221e-01,-3.903355081911444313e-01,-3.905505290619573633e-01,-3.901837698002618149e-01,-3.892366096795529806e-01,-3.877133056587433457e-01,-3.856209263633670337e-01,-3.829692441635502154e-01,-3.797705884217603134e-01,-3.760396640089078701e-01,-3.717933400266912880e-01,-3.670504142965630434e-01,-3.618313595646106551e-01,-3.561580575245669733e-01,-3.500535266886773966e-01,-3.435416498603926505e-01,-3.366469065145866191e-01,-3.293941148068690872e-01,-3.218081872530360044e-01,-3.139139033822083147e-01,-3.057357019098443929e-01,-2.972974942323815539e-01,-2.886225003410827772e-01,-2.797331076099537350e-01,-2.706507523462268749e-01,-2.613958235108371775e-01,-2.519875876241495782e-01,-2.424441335680320442e-01,-2.327823357747558219e-01,-2.230178341490633431e-01,-2.131650289932713882e-01,-2.032370891867326390e-01,-1.932459719003645215e-01,-1.832024521944608519e-01,-1.731161609445086569e-01,-1.629956296569530227e-01,-1.528483408675400668e-01,-1.426807829528939364e-01,-1.324985083262507080e-01,-1.223061941267546276e-01,-1.121077046453089615e-01,-1.019061548563656577e-01,-9.170397454265945270e-02,-8.150297260773732566e-02,-7.130440126866231798e-02,-6.110901990831908021e-02,-5.091715844340145153e-02,-4.072878013070644482e-02,-3.054354379119125773e-02,-2.036086547882273723e-02,-1.017997966002997731e-02,0.000000000000000000e+00
0.000000000000000000e+00,-9.897350308173612568e-03,-1.979659767444250096e-02,-2.969954126984746673e-02,-3.960786869017363099e-02,-4.952309968471493157e-02,-5.944652927045547541e-02,-6.937917005515441271e-02,-7.932169361799153162e-02,-8.927437082891474807e-02,-9.923701102827753306e-02,-1.092089000374918684e-01,-1.191887370300512422e-01,-1.291745703612079410e-01,-1.391637325346241905e-01,-1.491527745761595525e-01,-1.591374001891556200e-01,-1.691124001824413359e-01,-1.790715877917330723e-01,-1.890077356566076117e-01,-1.989125153675759539e-01,-2.087764406590482402e-01,-2.185888154912026815e-01,-2.283376884329357814e-01,-2.380098149238766003e-01,-2.475906291492183942e-01,-2.570642273986968873e-01,-2.664133648908846852e-01,-2.756194681151016290e-01,-2.846626647636724683e-01,-2.935218332842329803e-01,-3.021746739624469047e-01,-3.105978032376026654e-01,-3.187668726465295310e-01,-3.266567133771913212e-01,-3.342415068883187179e-01,-3.414949814169371822e-01,-3.483906334594850107e-01,-3.549019724898732631e-01,-3.610027862927980280e-01,-3.666674233747213574e-01,-3.718710880076143699e-01,-3.765901426075694003e-01,-3.808024114014662564e-01,-3.844874787409077732e-01,-3.876269750317782314e-01,-3.902048431016456598e-01,-3.922075779567112397e-01,-3.936244333017898112e-01,-3.944475889105082955e-01,-3.946722739197297547e-01,-3.942968423449042525e-01,-3.933227985178030517e-01,-3.917547716677566294e-01,-3.896004404265219767e-01,-3.868704095565740908e-01,-3.835780426073951421e-01,-3.797392554270714315e-01,-3.753722764433598535e-01,-3.704973803421531819e-01,-3.651366021931218286e-01,-3.593134392018769163e-01,-3.530525471219490563e-01,-3.463794379691381153e-01,-3.393201850869290159e-01,-3.319011408628909088e-01,-3.241486715431403098e-01,-3.160889126847872821e-01,-3.077475478705808398e-01,-2.991496124251317168e-01,-2.903193230499563904e-01,-2.812799335586773641e-01,-2.720536162594598961e-01,-2.626613680070415957e-01,-2.531229395329459564e-01,-2.434567863557424161e-01,-2.336800393656729424e-01,-2.238084930589846200e-01,-2.138566093546590829e-01,-2.038375349470540054e-01,-1.937631302195282068e-01,-1.836440078543825627e-01,-1.734895794124693691e-01,-1.633081083120422050e-01,-1.531067678026626633e-01,-1.428917026995882023e-01,-1.326680938117146547e-01,-1.224402241577806916e-01,-1.122115462182631945e-01,-1.019847496121604885e-01,-9.176182871752092129e-02,-8.154414987152276695e-02,-7.133251789005230770e-02,-6.112724173834273300e-02,-5.092819926380776074e-02,-4.073490097040424751e-02,-3.054655287141673850e-02,-2.036211850522298694e-02,-1.018038023708942724e-02,0.000000000000000000e+00
0.000000000000000000e+00,-9.891977503043424338e-03,-1.978633097780515757e-02,-2.968533960326672980e-02,-3.959117229142521815e-02,-4.950583193095373785e-02,-5.943109884844538504e-02,-6.936847325281658705e-02,-7.931911645213987616e-02,-8.928379066310253298e-02,-9.926279727226136607e-02,-1.092559134562868933e-01,-1.192623271265226687e-01,-1.292805702326109696e-01,-1.393084505418354935e-01,-1.493429821063746443e-01,-1.593803147409000864e-01,-1.694156629587233176e-01,-1.794432349565104612e-01,-1.894561623954478524e-01,-1.994464319000233687e-01,-2.094048193827636184e-01,-2.193208285017817782e-01,-2.291826347639147887e-01,-2.389770369941865980e-01,-2.486894180951382261e-01,-2.583037172081935062e-01,-2.678024155526666505e-01,-2.771665383433153385e-01,-2.863756752598328181e-01,-2.954080219453041334e-01,-3.042404449286558732e-01,-3.128485721819217469e-01,-3.212069112213963851e-01,-3.292889962299516693e-01,-3.370675651077307267e-01,-3.445147666481284121e-01,-3.516023971912307644e-01,-3.583021651429843524e-01,-3.645859806911536660e-01,-3.704262669354282944e-01,-3.757962875263174962e-01,-3.806704848323884671e-01,-3.850248216910184818e-01,-3.888371190100582409e-01,-3.920873809403857546e-01,-3.947580990887051833e-01,-3.968345273294479059e-01,-3.983049192296614915e-01,-3.991607209246211818e-01,-3.993967134534395225e-01,-3.990111000377050132e-01,-3.980055354940604251e-01,-3.963850968278252451e-01,-3.941581959617007636e-01,-3.913364374097973442e-01,-3.879344254151446680e-01,-3.839695265425923654e-01,-3.794615948906434610e-01,-3.744326679096222077e-01,-3.689066412687026508e-01,-3.629089313038950104e-01,-3.564661333285478184e-01,-3.496056835406318730e-01,-3.423555314733867094e-01,-3.347438289716985205e-01,-3.267986406016024636e-01,-3.185476792777854338e-01,-3.100180697804325036e-01,-3.012361417757422610e-01,-2.922272529907797289e-01,-2.830156423488324746e-01,-2.736243121613784468e-01,-2.640749379030312705e-01,-2.543878036643141272e-01,-2.445817610757268501e-01,-2.346742093126987228e-01,-2.246810937094306238e-01,-2.146169205136699842e-01,-2.044947853873917698e-01,-1.943264133841256236e-01,-1.841222082975966234e-01,-1.738913094654899183e-01,-1.636416543154932401e-01,-1.533800451492702277e-01,-1.431122188665178152e-01,-1.328429185303226512e-01,-1.225759658627810084e-01,-1.123143339336555441e-01,-1.020602194632198451e-01,-9.181511430270154761e-02,-8.157987578187840538e-02,-7.135479572389365199e-02,-6.113966802301324527e-02,-5.093385476289009894e-02,-4.073635092202219227e-02,-3.054584777062400655e-02,-2.036079511017904742e-02,-1.017946254449216686e-02,0.000000000000000000e+00
0.000000000000000000e+00,-9.884353442219464408e-03,-1.977161660219413364e-02,-2.966460380926213072e-02,-3.956602096525499435e-02,-4.947841055472423921e-02,-5.940409568775604360e-02,-6.934512287650092255e-02,-7.930320326808380782e-02,-8.927965208507815387e-02,-9.927532606126816817e-02,-1.092905587062345529e-01,-1.193250932887776200e-01,-1.293780134979168328e-01,-1.394476718228045420e-01,-1.495316157910880905e-01,-1.596265123206880021e-01,-1.697280705741396889e-01,-1.798309638588076187e-01,-1.899287512911500830e-01,-2.000138001389282771e-01,-2.100772099709340146e-01,-2.201087399774931119e-01,-2.300967410731192542e-01,-2.400280946499417367e-01,-2.498881601094246063e-01,-2.596607335505695668e-01,-2.693280202227831821e-01,-2.788706235457335536e-01,-2.882675536391044457e-01,-2.974962583722085552e-01,-3.065326799154041160e-01,-3.153513396299922888e-01,-3.239254538493815394e-01,-3.322270826629416529e-01,-3.402273132008871159e-01,-3.478964781265796447e-01,-3.552044090740402726e-01,-3.621207236371981608e-01,-3.686151432511660109e-01,-3.746578379468460396e-01,-3.802197925654522970e-01,-3.852731876592156435e-01,-3.897917870588473721e-01,-3.937513230429492972e-01,-3.971298692842398226e-01,-3.999081913488862217e-01,-4.020700645494728054e-01,-4.036025494370875100e-01,-4.044962161730419892e-01,-4.047453104226580445e-01,-4.043478552062627629e-01,-4.033056852395108249e-01,-4.016244125853287161e-01,-3.993133247962147303e-01,-3.963852190158266842e-01,-3.928561776057764576e-01,-3.887452926562909306e-01,-3.840743481413615434e-01,-3.788674694340889992e-01,-3.731507503829574190e-01,-3.669518681740563948e-01,-3.602996958058191090e-01,-3.532239212426077635e-01,-3.457546812682041337e-01,-3.379222168147101302e-01,-3.297565551821923790e-01,-3.212872231698462588e-01,-3.125429937806650238e-01,-3.035516678955420544e-01,-2.943398911817139418e-01,-2.849330055321029898e-01,-2.753549335404086307e-01,-2.656280939040483458e-01,-2.557733452059837154e-01,-2.458099552429292844e-01,-2.357555929225750024e-01,-2.256263397248264302e-01,-2.154367177895902818e-01,-2.051997318346886479e-01,-1.949269223021519726e-01,-1.846284273616800586e-01,-1.743130516513395067e-01,-1.639883398950735538e-01,-1.536606537945192918e-01,-1.433352508414391657e-01,-1.330163639314596302e-01,-1.227072808762526973e-01,-1.124104231077301258e-01,-1.021274230434609104e-01,-9.185919973739216371e-02,-8.160603257482523798e-02,-7.136763288665971816e-02,-6.114321345662633578e-02,-5.093155597821798913e-02,-4.073107658694057748e-02,-3.053988964992545088e-02,-2.035587004036872039e-02,-1.017671416000265165e-02,0.000000000000000000e+00
0.000000000000000000e+00,-9.873942978341222407e-03,-1.975138330464050462e-02,-2.963572471309213266e-02,-3.953026500336335319e-02,-4.943814213175234257e-02,-5.936227913452883642e-02,-6.930532751400476921e-02,-7.926960873641844540e-02,-8.925705351577864488e-02,-9.926913859067976187e-02,-1.093068207432879857e-01,-1.193704678629713828e-01,-1.294597869234063725e-01,-1.395737488236042934e-01,-1.497105101424890672e-01,-1.598673319757742961e-01,-1.700404961652694502e-01,-1.802252193964742899e-01,-1.904155658321269040e-01,-2.006043591683220884e-01,-2.107830952460432172e-01,-2.209418566233062320e-01,-2.310692308087668179e-01,-2.411522341716574314e-01,-2.511762438677546116e-01,-2.611249404462965273e-01,-2.709802641144376523e-01,-2.807223879165516855e-01,-2.903297113143324948e-01,-2.997788778056715842e-01,-3.090448202684049073e-01,-3.181008376300948348e-01,-3.269187062178329217e-01,-3.354688287053179119e-01,-3.437204229255776400e-01,-3.516417519418459925e-01,-3.592003956626320660e-01,-3.663635629608009703e-01,-3.730984417388840679e-01,-3.793725827216207214e-01,-3.851543110198678010e-01,-3.904131577842046008e-01,-3.951203026539328311e-01,-3.992490163194015174e-01,-4.027750914655904846e-01,-4.056772497574825942e-01,-4.079375124486027682e-01,-4.095415226998016522e-01,-4.104788088046488204e-01,-4.107429792062418650e-01,-4.103318423884492194e-01,-4.092474473216637931e-01,-4.074960429943284002e-01,-4.050879584998828831e-01,-4.020374079999826100e-01,-3.983622274819004772e-01,-3.940835524262908396e-01,-3.892254471899517232e-01,-3.838144980175661192e-01,-3.778793821021786958e-01,-3.714504250350641468e-01,-3.645591583783279743e-01,-3.572378880437104276e-01,-3.495192827733691332e-01,-3.414359904059336426e-01,-3.330202878854774395e-01,-3.243037692343118117e-01,-3.153170740495053193e-01,-3.060896575656116281e-01,-2.966496020001065936e-01,-2.870234677917989363e-01,-2.772361824669071773e-01,-2.673109642188987167e-01,-2.572692768518073936e-01,-2.471308124899068703e-01,-2.369134983721233600e-01,-2.266335240980945076e-01,-2.163053858453166112e-01,-2.059419443059752608e-01,-1.955544933733427415e-01,-1.851528369199354207e-01,-1.747453713354864546e-01,-1.643391718183647709e-01,-1.539400807288559825e-01,-1.435527966091983409e-01,-1.331809627485026626e-01,-1.228272544178404674e-01,-1.124934641206997432e-01,-1.021805843968140309e-01,-9.188888788412953590e-02,-8.161800448607740843e-02,-7.136699561144496662e-02,-6.113442555429429021e-02,-5.091843016386291693e-02,-4.071678302148463990e-02,-3.052695939539907394e-02,-2.034619828679319273e-02,-1.017156291321157612e-02,0.000000000000000000e+00
0.000000000000000000e+00,-9.860156957158888735e-03,-1.972445149938401032e-02,-2.959692980810746735e-02,-3.948153540892835461e-02,-4.938205672625459869e-02,-5.930207325670209390e-02,-6.924489991570444147e-02,-7.921352912630127974e-02,-8.921057023942029207e-02,-9.923818590262541151e-02,-1.092980250311026968e-01,-1.193911520827436873e-01,-1.295179724009874189e-01,-1.396781534674055025e-01,-1.498705420038127789e-01,-1.600930769841916179e-01,-1.703426987631690426e-01,-1.806152547033936517e-01,-1.909054018918163731e-01,-2.012065077769433219e-01,-2.115105498370335735e-01,-2.218080157030915822e-01,-2.320878055086308955e-01,-2.423371386164620833e-01,-2.525414672740612376e-01,-2.626844001626582048e-01,-2.727476392160226304e-01,-2.827109334733171053e-01,-2.925520540716071705e-01,-3.022467947479661743e-01,-3.117690023744211225e-01,-3.210906420536793204e-01,-3.301819011203551146e-01,-3.390113359829384776e-01,-3.475460650718790734e-01,-3.557520102030367615e-01,-3.635941874105116378e-01,-3.710370467533746774e-01,-3.780448587840257724e-01,-3.845821433345678053e-01,-3.906141341117963517e-01,-3.961072703980031418e-01,-4.010297050636292271e-01,-4.053518162545600156e-01,-4.090467086725543822e-01,-4.120906894652808239e-01,-4.144637035033695849e-01,-4.161497133295111173e-01,-4.171370103527283768e-01,-4.174184459051922258e-01,-4.169915734936126550e-01,-4.158586968191751443e-01,-4.140268217189672084e-01,-4.115075138767330110e-01,-4.083166677297739300e-01,-4.044741952407720498e-01,-4.000036459180073556e-01,-3.949317715117089400e-01,-3.892880501024371664e-01,-3.831041848050588117e-01,-3.764135920728997609e-01,-3.692508936847075929e-01,-3.616514250528604646e-01,-3.536507706481079039e-01,-3.452843352451102632e-01,-3.365869574997754632e-01,-3.275925702037436049e-01,-3.183339095302307187e-01,-3.088422737688323871e-01,-2.991473304976370873e-01,-2.892769698859701255e-01,-2.792572008652950966e-01,-2.691120862361960908e-01,-2.588637123702346443e-01,-2.485321889826629382e-01,-2.381356744570466144e-01,-2.276904223566464103e-01,-2.172108450222665910e-01,-2.067095904980523757e-01,-1.961976294157373457e-01,-1.856843488793711028e-01,-1.751776508068666194e-01,-1.646840525868480676e-01,-1.542087882884267958e-01,-1.437559090106426685e-01,-1.333283812732087015e-01,-1.229281826292331486e-01,-1.125563939238544559e-01,-1.022132878316434762e-01,-9.189841348257693499e-02,-8.161067713422778813e-02,-7.134841896974566944e-02,-6.110948620044600460e-02,-5.089130273156470402e-02,-4.069093571290192946e-02,-3.050515934540840371e-02,-2.033051635261303933e-02,-1.016337755422976052e-02,0.000000000000000000e+00
0.000000000000000000e+00,-9.842353496451542935e-03,-1.968953575002434925e-02,-2.954628682891920904e-02,-3.941724835038534769e-02,-4.930691295434557614e-02,-5.921957217247953570e-02,-6.915926216648096703e-02,-7.912970681851783095e-02,-8.913425767105369324e-02,-9.917583023383064189e-02,-1.092568362050807262e-01,-1.193791111944636496e-01,-1.295438375897424443e-01,-1.397514622812112695e-01,-1.500016090511266664e-01,-1.602929855540052850e-01,-1.706232849619964409e-01,-1.809890825321014696e-01,-1.913857275731899177e-01,-2.018072315544718054e-01,-2.122461534065772926e-01,-2.226934834234817195e-01,-2.331385275782325295e-01,-2.435687945150841471e-01,-2.539698879691885680e-01,-2.643254078819304298e-01,-2.746168640097225722e-01,-2.848236063448725264e-01,-2.949227771506120477e-01,-3.048892898232192783e-01,-3.146958400902801212e-01,-3.243129551876763328e-01,-3.337090865770245829e-01,-3.428507514172147164e-01,-3.517027273386308939e-01,-3.602283040451846330e-01,-3.683895938604341280e-01,-3.761479015342546472e-01,-3.834641514578774890e-01,-3.902993679535228799e-01,-3.966152016032947203e-01,-4.023744917911581953e-01,-4.075418529164783199e-01,-4.120842692877882962e-01,-4.159716817236230879e-01,-4.191775475698000242e-01,-4.216793553599718081e-01,-4.234590758219044515e-01,-4.245035324232639962e-01,-4.248046771364067942e-01,-4.243597604759374309e-01,-4.231713889398798223e-01,-4.212474675131553936e-01,-4.186010295753137544e-01,-4.152499610823295328e-01,-4.112166299693482130e-01,-4.065274350956108451e-01,-4.012122915384597754e-01,-3.953040705347854455e-01,-3.888380128438829186e-01,-3.818511338232332131e-01,-3.743816371913591401e-01,-3.664683524701042860e-01,-3.581502086490509495e-01,-3.494657538995020185e-01,-3.404527283747758593e-01,-3.311476944321543048e-01,-3.215857261303737835e-01,-3.118001576881425652e-01,-3.018223887895302715e-01,-2.916817432134918286e-01,-2.814053762416059978e-01,-2.710182256333432127e-01,-2.605430006104502705e-01,-2.500002032115695161e-01,-2.394081765121731376e-01,-2.287831745015009022e-01,-2.181394488195583514e-01,-2.074893480413198821e-01,-1.968434257167367418e-01,-1.862105539056166936e-01,-1.755980394642110975e-01,-1.650117408297818999e-01,-1.544561835000796968e-01,-1.439346728104710371e-01,-1.334494029697640138e-01,-1.230015616265624917e-01,-1.125914295031435475e-01,-1.022184748565595075e-01,-9.188144271089694615e-02,-8.157843895473769480e-02,-7.130700951834818835e-02,-6.106421494031456787e-02,-5.084670070734285258e-02,-4.065076380750166224e-02,-3.047241597960501092e-02,-2.030744417261335505e-02,-1.015146875130132874e-02,0.000000000000000000e+00
0.000000000000000000e+00,-9.819839659763317241e-03,-1.964524804730363727e-02,-2.948170849274945118e-02,-3.933461115292170157e-02,-4.920920493615672797e-02,-5.911054759343996323e-02,-6.904345336535477884e-02,-7.901243757713592719e-02,-8.902165758030650133e-02,-9.907484945089958805e-02,-1.091752598734777591e-01,-1.193255726699823799e-01,-1.295278294763031190e-01,-1.397833441313665048e-01,-1.500926104280972673e-01,-1.604552029879503239e-01,-1.708696711664660639e-01,-1.813334260824636668e-01,-1.918426210941819587e-01,-2.023920263278923548e-01,-2.129748982036803739e-01,-2.235828453034118535e-01,-2.342056923898634679e-01,-2.448313449131260811e-01,-2.554456569265768917e-01,-2.660323059706973803e-01,-2.765726791533196227e-01,-2.870457753364648035e-01,-2.974281290010079570e-01,-3.076937619598124618e-01,-3.178141695767684460e-01,-3.277583484633541100e-01,-3.374928726986802241e-01,-3.469820253820402045e-01,-3.561879917081938740e-01,-3.650711186917159901e-01,-3.735902451099878951e-01,-3.817031031620068959e-01,-3.893667907639069559e-01,-3.965383103772131546e-01,-4.031751668978180159e-01,-4.092360135807097676e-01,-4.146813314456973543e-01,-4.194741243508642303e-01,-4.235806092044206439e-01,-4.269708788824061463e-01,-4.296195145703095575e-01,-4.315061246327298039e-01,-4.326157888311977229e-01,-4.329393897431551008e-01,-4.324738174548516945e-01,-4.312220387650291253e-01,-4.291930279085118816e-01,-4.264015617910814071e-01,-4.228678884992576048e-01,-4.186172830127551925e-01,-4.136795082671468338e-01,-4.080882027471918749e-01,-4.018802175073149519e-01,-3.950949259018191051e-01,-3.877735284581211306e-01,-3.799583734231072318e-01,-3.716923107967514683e-01,-3.630180944087300632e-01,-3.539778430640709295e-01,-3.446125682310327565e-01,-3.349617723765645483e-01,-3.250631190299356210e-01,-3.149521730790704743e-01,-3.046622077318940081e-01,-2.942240730185201047e-01,-2.836661196464543289e-01,-2.730141714025059452e-01,-2.622915390585291440e-01,-2.515190688128087215e-01,-2.407152186135628757e-01,-2.298961561983190738e-01,-2.190758732828559652e-01,-2.082663109951479463e-01,-1.974774923320056219e-01,-1.867176580872028646e-01,-1.759934033367706041e-01,-1.653098121542797838e-01,-1.546705887572120131e-01,-1.440781837506600327e-01,-1.335339145363304836e-01,-1.230380792954633290e-01,-1.125900642381787720e-01,-1.021884440442757530e-01,-9.183107560765230160e-02,-8.151518534444160413e-02,-7.123745043961809964e-02,-6.099407449387925229e-02,-5.078085809714336096e-02,-4.059326490161508511e-02,-3.042648380001091238e-02,-2.027548783660977627e-02,-1.013509049309688562e-02,0.000000000000000000e+00
0.000000000000000000e+00,-9.791873594645965698e-03,-1.959010201299358697e-02,-2.940095862238493313e-02,-3.923063011719899601e-02,-4.908517150629129744e-02,-5.897045903674962009e-02,-6.889214035732416086e-02,-7.885558121966523837e-02,-8.886580801185581246e-02,-9.892744541872973418e-02,-1.090446485097390505e-01,-1.192210285708995288e-01,-1.294595720265256100e-01,-1.397625518436939884e-01,-1.501314308831090960e-01,-1.605667567604810997e-01,-1.710680479197197457e-01,-1.816336708008545742e-01,-1.922607082198335426e-01,-2.029448193726589578e-01,-2.136800922408928216e-01,-2.244588896167631353e-01,-2.352716904896340055e-01,-2.461069291444439588e-01,-2.569508350157346244e-01,-2.677872771114139239e-01,-2.785976176543536464e-01,-2.893605804639999834e-01,-3.000521404800801095e-01,-3.106454416693677500e-01,-3.211107512939063158e-01,-3.314154590812346535e-01,-3.415241301380493866e-01,-3.513986203935678398e-01,-3.609982628495844725e-01,-3.702801318575901224e-01,-3.791993909614778113e-01,-3.877097274876287192e-01,-3.957638740249261322e-01,-4.033142132636594046e-01,-4.103134584695585785e-01,-4.167153973460599459e-01,-4.224756824455040416e-01,-4.275526469516006678e-01,-4.319081209348692441e-01,-4.355082204527023215e-01,-4.383240804679312541e-01,-4.403325027617539522e-01,-4.415164919705938940e-01,-4.418656565865061170e-01,-4.413764570685425603e-01,-4.400522897998124239e-01,-4.379034030398127886e-01,-4.349466487227949263e-01,-4.312050813677641425e-01,-4.267074219530832546e-01,-4.214874099164079846e-01,-4.155830701508267389e-01,-4.090359238217589621e-01,-4.018901720312245684e-01,-3.941918799583924993e-01,-3.859881863752662179e-01,-3.773265597158820261e-01,-3.682541175390463550e-01,-3.588170216323998685e-01,-3.490599564825291323e-01,-3.390256946432662621e-01,-3.287547488609147694e-01,-3.182851077760218139e-01,-3.076520496648232905e-01,-2.968880270018624534e-01,-2.860226135689119542e-01,-2.750825053263715181e-01,-2.640915662084765136e-01,-2.530709103049340603e-01,-2.420390124541868526e-01,-2.310118400114533344e-01,-2.200029993941381434e-01,-2.090238918877561636e-01,-1.980838740703453338e-01,-1.871904190481107066e-01,-1.763492754665190732e-01,-1.655646219551507869e-01,-1.548392152746374539e-01,-1.441745309589093915e-01,-1.335708956886779153e-01,-1.230276109983469146e-01,-1.125430682157337325e-01,-1.021148547703166348e-01,-9.173985218965810540e-02,-8.141432624337924251e-02,-7.113400979731177021e-02,-6.089417901420669799e-02,-5.068972358790674315e-02,-4.051521173056474995e-02,-3.036495065197601304e-02,-2.023304328023145526e-02,-1.011344197686617381e-02,0.000000000000000000e+00
0.000000000000000000e+00,-9.757667208002763701e-03,-1.952251817646352347e-02,-2.930165987402564426e-02,-3.910212046933492225e-02,-4.893080807258251563e-02,-5.879446718859779319e-02,-6.869963209870223741e-02,-7.865257637371927957e-02,-8.865925770498390979e-02,-9.872525722606784182e-02,-1.088557124880354110e-01,-1.190552432488482110e-01,-1.293278692473919800e-01,-1.396769191597179993e-01,-1.501049299857605823e-01,-1.606135361963282049e-01,-1.712033480910958583e-01,-1.818738189881554390e-01,-1.926231010950783251e-01,-2.034478902116071686e-01,-2.143432597967111219e-01,-2.253024854091190687e-01,-2.363168611105945782e-01,-2.473755101128347622e-01,-2.584651927554589834e-01,-2.695701158216784465e-01,-2.806717482191131152e-01,-2.917486491541276816e-01,-3.027763160736761661e-01,-3.137270607873371420e-01,-3.245699232442165738e-01,-3.352706333354460444e-01,-3.457916317152341934e-01,-3.560921608580834841e-01,-3.661284372632874762e-01,-3.758539147463184071e-01,-3.852196469994900174e-01,-3.941747549707995679e-01,-4.026670010594894933e-01,-4.106434676893794267e-01,-4.180513326148956876e-01,-4.248387275601647750e-01,-4.309556608133838229e-01,-4.363549786165856759e-01,-4.409933350930433371e-01,-4.448321365558166041e-01,-4.478384238273962481e-01,-4.499856560663578753e-01,-4.512543617836151100e-01,-4.516326272768532712e-01,-4.511163994256306986e-01,-4.497095882522034183e-01,-4.474239642518526017e-01,-4.442788554891102804e-01,-4.403006590550143651e-01,-4.355221899430892774e-01,-4.299818971156901815e-01,-4.237229810783492701e-01,-4.167924494664753676e-01,-4.092401470147570830e-01,-4.011177940661061481e-01,-3.924780638782988107e-01,-3.833737238886710252e-01,-3.738568603151807279e-01,-3.639781994941113652e-01,-3.537865336002291028e-01,-3.433282531891826417e-01,-3.326469845646167212e-01,-3.217833264222381695e-01,-3.107746775898090896e-01,-2.996551459250110239e-01,-2.884555274618727516e-01,-2.772033445902575277e-01,-2.659229322778803306e-01,-2.546355619669343762e-01,-2.433595936739028631e-01,-2.321106478836282572e-01,-2.209017899679733277e-01,-2.097437210057016277e-01,-1.986449699818463588e-01,-1.876120833665970156e-01,-1.766498089938234040e-01,-1.657612719670955026e-01,-1.549481410139086912e-01,-1.442107842904766235e-01,-1.335484141174335393e-01,-1.229592205112900599e-01,-1.124404936787365555e-01,-1.019887358726254273e-01,-9.159976318094502357e-02,-8.126879794394160916e-02,-7.099055257935482643e-02,-6.075930564998478084e-02,-5.056897103887622591e-02,-4.041316111155177082e-02,-3.028524474717034926e-02,-2.017840111553413293e-02,-1.008567006797188824e-02,0.000000000000000000e+00
0.000000000000000000e+00,-9.716389452652121270e-03,-1.944083047386867269e-02,-2.918130329917102000e-02,-3.894571875549384526e-02,-4.874188152724902301e-02,-5.857745092162081751e-02,-6.845989826652104648e-02,-7.839646004860283124e-02,-8.839408586909838772e-02,-9.845938026421319211e-02,-1.085985374072181292e-01,-1.188172676849133108e-01,-1.291207151264200381e-01,-1.395133646630093982e-01,-1.499989382209333810e-01,-1.605802787033828727e-01,-1.712592210127601711e-01,-1.820364494119928733e-01,-1.929113407367951394e-01,-2.038817932642307262e-01,-2.149440414322828508e-01,-2.260924571065886790e-01,-2.373193387196995685e-01,-2.486146903790296403e-01,-2.599659939622640525e-01,-2.713579782975187871e-01,-2.827723907550439009e-01,-2.941877779403592741e-01,-3.055792836415865965e-01,-3.169184736921252243e-01,-3.281731988855436377e-01,-3.393075084174292932e-01,-3.502816273962634508e-01,-3.610520126034019728e-01,-3.715715007124352764e-01,-3.817895624124906795e-01,-3.916526741379834364e-01,-4.011048162376865678e-01,-4.100881023248246771e-01,-4.185435392299141633e-01,-4.264119105384595043e-01,-4.336347693846588358e-01,-4.401555183888529177e-01,-4.459205469123615484e-01,-4.508803888133450788e-01,-4.549908583338950208e-01,-4.582141183248496508e-01,-4.605196343035852791e-01,-4.618849702210797714e-01,-4.622963873878900287e-01,-4.617492165479211153e-01,-4.602479840392376675e-01,-4.578062855059728542e-01,-4.544464136972876100e-01,-4.501987594141454441e-01,-4.451010156150398966e-01,-4.391972232310782376e-01,-4.325367028141660630e-01,-4.251729185231331032e-01,-4.171623202414063147e-01,-4.085632061961688710e-01,-3.994346428955685147e-01,-3.898354722105643044e-01,-3.798234277140001280e-01,-3.694543746061207945e-01,-3.587816802449184106e-01,-3.478557158601456867e-01,-3.367234847100209483e-01,-3.254283678485836440e-01,-3.140099758022342202e-01,-3.025040927121052103e-01,-2.909426987334627901e-01,-2.793540565137506149e-01,-2.677628482092861972e-01,-2.561903505682435744e-01,-2.446546369459052794e-01,-2.331707965943412564e-01,-2.217511630776599352e-01,-2.104055451274977062e-01,-1.991414546172699529e-01,-1.879643275641007250e-01,-1.768777351468762971e-01,-1.658835826526378621e-01,-1.549822950356841422e-01,-1.441729884044849197e-01,-1.334536272547123259e-01,-1.228211676580599071e-01,-1.122716869122394878e-01,-1.018005003733151309e-01,-9.140226634199541400e-02,-8.107107997387273668e-02,-7.080055724145348228e-02,-6.058391000322176784e-02,-5.041401324033637638e-02,-4.028346551192892727e-02,-3.018464366109189362e-02,-2.010975278014074524e-02,-1.005087241925868916e-02,0.000000000000000000e+00
0.000000000000000000e+00,-9.667170299047799648e-03,-1.934329411988042202e-02,-2.903725997053353131e-02,-3.875789799721922335e-02,-4.851394862073320907e-02,-5.831402848059598354e-02,-6.816659274178624162e-02,-7.807989278005852962e-02,-8.806192821595261455e-02,-9.812039221678328649e-02,-1.082626089329629948e-01,-1.184954618836406293e-01,-1.288253120616104364e-01,-1.392579044948343281e-01,-1.497982619893261091e-01,-1.604505647949483471e-01,-1.712180149933085760e-01,-1.821026845189826771e-01,-1.931053459076912115e-01,-2.042252851360776555e-01,-2.154600962976937761e-01,-2.268054583706398952e-01,-2.382548949966891982e-01,-2.497995190315683567e-01,-2.614277646605556171e-01,-2.731251111163764400e-01,-2.848738034919493511e-01,-2.966525777996216195e-01,-3.084363992628610940e-01,-3.201962247827571106e-01,-3.318988025161864752e-01,-3.435065234150057045e-01,-3.549773412466752376e-01,-3.662647788467959242e-01,-3.773180389087665842e-01,-3.880822372365607675e-01,-3.984987748106880168e-01,-4.085058620058373280e-01,-4.180392036737833883e-01,-4.270328474936676000e-01,-4.354201900702045491e-01,-4.431351259942956089e-01,-4.501133149499222941e-01,-4.562935316504259098e-01,-4.616190537926373461e-01,-4.660390353160071553e-01,-4.695098070373747712e-01,-4.719960450635684590e-01,-4.734717498596652807e-01,-4.739209856776246399e-01,-4.733383409694486565e-01,-4.717290846839622409e-01,-4.691090098242972628e-01,-4.655039728888332173e-01,-4.609491542963417565e-01,-4.554880791710230192e-01,-4.491714487825848034e-01,-4.420558397633983505e-01,-4.342023307004213017e-01,-4.256751140311715864e-01,-4.165401459565258868e-01,-4.068638791818635081e-01,-3.967121137034524958e-01,-3.861489905562791591e-01,-3.752361433089655418e-01,-3.640320128254184717e-01,-3.525913228914012709e-01,-3.409647079928306290e-01,-3.291984799078293555e-01,-3.173345167631481667e-01,-3.054102566297863253e-01,-2.934587773536908584e-01,-2.815089448723272492e-01,-2.695856134983451446e-01,-2.577098633228945834e-01,-2.458992618041043743e-01,-2.341681386011666699e-01,-2.225278646714565212e-01,-2.109871284830496518e-01,-1.995522038548797894e-01,-1.882272053932033118e-01,-1.770143287369049523e-01,-1.659140738598334774e-01,-1.549254505196111797e-01,-1.440461656083012743e-01,-1.332727926730283841e-01,-1.226009242567087654e-01,-1.120253079825118542e-01,-1.015399674908509797e-01,-9.113830945295017805e-02,-8.081321794627474575e-02,-7.055713749805077317e-02,-6.036214609515420243e-02,-5.022001943128168860e-02,-4.012228762315594305e-02,-3.006028558268753620e-02,-2.002519818631304932e-02,-1.000810133985404610e-02,0.000000000000000000e+00
0.000000000000000000e+00,-9.609105463862763902e-03,-1.922809499778412035e-02,-2.886679489673638077e-02,-3.853498591841359594e-02,-4.824237820486378808e-02,-5.799858335068955317e-02,-6.781308260263654852e-02,-7.769519012217897258e-02,-8.765401017847920806e-02,-9.769838706569179687e-02,-1.078368464586000885e-01,-1.180775268375395953e-01,-1.284280995321497587e-01,-1.388956758599099173e-01,-1.494866997775786410e-01,-1.602068244317138568e-01,-1.710607710010301763e-01,-1.820521682839519040e-01,-1.931833716181249327e-01,-2.044552599468635878e-01,-2.158670101961525367e-01,-2.274158486234205689e-01,-2.390967794769151278e-01,-2.509022921941966855e-01,-2.628220495009998547e-01,-2.748425601743617053e-01,-2.869468419248160651e-01,-2.991140818358077325e-01,-3.113193040574250836e-01,-3.235330569399301748e-01,-3.357211344258482222e-01,-3.478443491661702969e-01,-3.598583773002442254e-01,-3.717136968957152621e-01,-3.833556433825058285e-01,-3.947246055850269220e-01,-4.057563847858851602e-01,-4.163827362785427755e-01,-4.265321077809350880e-01,-4.361305817026832621e-01,-4.451030185893250501e-01,-4.533743873659946133e-01,-4.608712548306624912e-01,-4.675233930834018503e-01,-4.732654503916437494e-01,-4.780386197507351942e-01,-4.817922315264468458e-01,-4.844851933445723513e-01,-4.860872027556625841e-01,-4.865796665421695533e-01,-4.859562745718848387e-01,-4.842231948536156461e-01,-4.813988783174687480e-01,-4.775134847970199381e-01,-4.726079635571245885e-01,-4.667328404631071459e-01,-4.599467779237619847e-01,-4.523149820797852105e-01,-4.439075340721973517e-01,-4.347977190037942141e-01,-4.250604183340628284e-01,-4.147706202073226378e-01,-4.040020890274174659e-01,-3.928262218286446283e-01,-3.813111058203633719e-01,-3.695207797817464668e-01,-3.575146923140539168e-01,-3.453473425784579498e-01,-3.330680840621445538e-01,-3.207210689397262393e-01,-3.083453094262062488e-01,-2.959748327881171481e-01,-2.836389080173649657e-01,-2.713623242292452775e-01,-2.591657033205415628e-01,-2.470658320707121158e-01,-2.350760015029248196e-01,-2.232063438106016151e-01,-2.114641594146891013e-01,-1.998542287009698049e-01,-1.883791046784965839e-01,-1.770393842038737175e-01,-1.658339565500546453e-01,-1.547602289893941774e-01,-1.438143297399238629e-01,-1.329912891233266670e-01,-1.222852001339072431e-01,-1.116893598486394801e-01,-1.011963932447126208e-01,-9.079836105501151722e-02,-8.048685330244871594e-02,-7.025307012661993755e-02,-6.008789146354263921e-02,-4.998193707147807752e-02,-3.992561832105148700e-02,-2.990918309230005540e-02,-1.992275504967240540e-02,-9.956368501930030687e-03,0.000000000000000000e+00
0.000000000000000000e+00,-9.541261962504377081e-03,-1.909336070485230172e-02,-2.866708343810810827e-02,-3.827318654005772147e-02,-4.792237773643278492e-02,-5.762529530841959541e-02,-6.739248325356010649e-02,-7.723436125830161758e-02,-8.716118825600062403e-02,-9.718301824561728641e-02,-1.073096469357847638e-01,-1.175505476595337245e-01,-1.279147948810015478e-01,-1.384109734929206692e-01,-1.490470719905001851e-01,-1.598303575139805588e-01,-1.707672306921329819e-01,-1.818630582094680481e-01,-1.931219810821357685e-01,-2.045466967874960684e-01,-2.161382136809668342e-01,-2.278955765871513717e-01,-2.398155631110096275e-01,-2.518923511233605028e-01,-2.641171590791469015e-01,-2.764778623710597572e-01,-2.889585908430651884e-01,-3.015393149129325101e-01,-3.141954304825937405e-01,-3.268973559199485068e-01,-3.396101577994039000e-01,-3.522932256554956454e-01,-3.649000195257621204e-01,-3.773779172441143470e-01,-3.896681909149753431e-01,-4.017061432916900765e-01,-4.134214343805542868e-01,-4.247386259564941424e-01,-4.355779663148037217e-01,-4.458564291318586337e-01,-4.554890086329800858e-01,-4.643902585690714013e-01,-4.724760454097587381e-01,-4.796654677656896903e-01,-4.858828759056071367e-01,-4.910599092317010639e-01,-4.951374577647099096e-01,-4.980674479824775402e-01,-4.998143552139011625e-01,-5.003563549206817562e-01,-4.996860433350968633e-01,-4.978106827522119637e-01,-4.947519560556407625e-01,-4.905452458972294205e-01,-4.852384832317244157e-01,-4.788906347377177020e-01,-4.715699167918995793e-01,-4.633518337942123533e-01,-4.543171404996761975e-01,-4.445498223049028086e-01,-4.341351756253055139e-01,-4.231580544969107405e-01,-4.117013313896240589e-01,-3.998446018237890587e-01,-3.876631452879837902e-01,-3.752271402594829497e-01,-3.626011194541376992e-01,-3.498436429809777537e-01,-3.370071617152994303e-01,-3.241380405687617206e-01,-3.112767109330325521e-01,-2.984579228668201023e-01,-2.857110700654322821e-01,-2.730605638372090027e-01,-2.605262358333468309e-01,-2.481237528449719565e-01,-2.358650303854198937e-01,-2.237586348809326720e-01,-2.118101670233005496e-01,-2.000226211632065987e-01,-1.883967175458358678e-01,-1.769312057354054391e-01,-1.656231387806292865e-01,-1.544681185829813730e-01,-1.434605135900383077e-01,-1.325936503914571241e-01,-1.218599810860272886e-01,-1.112512284508308802e-01,-1.007585110088415198e-01,-9.037245008532471258e-02,-8.008326088754605387e-02,-6.988082955373096927e-02,-5.975477800958565316e-02,-4.969451835448972926e-02,-3.968929838283198619e-02,-2.972823973485601290e-02,-1.980037007030048882e-02,-9.894650570228110883e-03,0.000000000000000000e+00
0.000000000000000000e+00,-9.462684545216178481e-03,-1.893717337542546314e-02,-2.843523041506495000e-02,-3.796860541273013034e-02,-4.754902440264876379e-02,-5.718817712445757595e-02,-6.689770028722795414e-02,-7.668915547823772216e-02,-8.657400041085490383e-02,-9.656355207999632595e-02,-1.066689402494196415e-01,-1.169010495349804835e-01,-1.272704481755676797e-01,-1.377873014039902033e-01,-1.484612671510871784e-01,-1.593013716480950470e-01,-1.703158623485995227e-01,-1.815120354904528055e-01,-1.928960355831615403e-01,-2.044726241670091205e-01,-2.162449153828168436e-01,-2.282140762596999717e-01,-2.403789902238116505e-01,-2.527358832124515509e-01,-2.652779130092111637e-01,-2.779947240635679551e-01,-2.908719721867198404e-01,-3.038908261784106224e-01,-3.170274566703652486e-01,-3.302525262690999552e-01,-3.435306993906308004e-01,-3.568201948753375041e-01,-3.700724093326497321e-01,-3.832316438575765760e-01,-3.962349708215456290e-01,-4.090122802756939735e-01,-4.214865464092008573e-01,-4.335743527036071132e-01,-4.451867091497903051e-01,-4.562301855039964660e-01,-4.666083706777570117e-01,-4.762236500397585837e-01,-4.849792702962271718e-01,-4.927816370406696289e-01,-4.995427650592914604e-01,-5.051827786696242439e-01,-5.096323417045590665e-01,-5.128348870979300145e-01,-5.147485166752335806e-01,-5.153474539417880473e-01,-5.146229562064249530e-01,-5.125836255310909362e-01,-5.092550975817301540e-01,-5.046791293043954019e-01,-4.989121459354822208e-01,-4.920233410073485136e-01,-4.840924465562695955e-01,-4.752073029284636374e-01,-4.654613582273170458e-01,-4.549512177889261100e-01,-4.437743464076664979e-01,-4.320270032247804370e-01,-4.198024641883851271e-01,-4.071895624176511408e-01,-3.942715546923453163e-01,-3.811253039722076186e-01,-3.678207539691059069e-01,-3.544206624046105647e-01,-3.409805543114863280e-01,-3.275488549359280022e-01,-3.141671627019766433e-01,-3.008706255352732728e-01,-2.876883879039306979e-01,-2.746440806268299895e-01,-2.617563303612550074e-01,-2.490392703778402939e-01,-2.365030385408496416e-01,-2.241542522094268075e-01,-2.119964530068012276e-01,-2.000305170680610201e-01,-1.882550285062004614e-01,-1.766666154848534065e-01,-1.652602495184831155e-01,-1.540295095035222328e-01,-1.429668125811720536e-01,-1.320636143028741660e-01,-1.213105807643520967e-01,-1.106977354374924644e-01,-1.002145833975671835e-01,-8.985021554598789095e-02,-7.959339528937314778e-02,-6.943262997245215618e-02,-5.935622918917771856e-02,-4.935235192376347113e-02,-3.940904430879509091e-02,-2.951426963652785743e-02,-1.965593212570633172e-02,-9.821895832295294074e-03,0.000000000000000000e+00
0.000000000000000000e+00,-9.372403065885550125e-03,-1.875758438337420814e-02,-2.816829207023954090e-02,-3.761727871811980373e-02,-4.711730118404054701e-02,-5.668111733657366785e-02,-6.632147862256328186e-02,-7.605111721781275536e-02,-8.588272639645071205e-02,-9.582893259896382854e-02,-1.059022574986360765e-01,-1.161150681616880675e-01,-1.264795131702333986e-01,-1.370074423333433045e-01,-1.477103073564164648e-01,-1.585990405820838500e-01,-1.696839086703001431e-01,-1.809743378695014560e-01,-1.924787073692953432e-01,-2.042041071502625482e-01,-2.161560567993381365e-01,-2.283381819912573552e-01,-2.407518458105309678e-01,-2.533957328785499397e-01,-2.662653854422353250e-01,-2.793526922678611357e-01,-2.926453334644815163e-01,-3.061261873294955360e-01,-3.197727090423888585e-01,-3.335562955761256498e-01,-3.474416565377512200e-01,-3.613862166948837995e-01,-3.753395824802477354e-01,-3.892431114288787408e-01,-4.030296297476000378e-01,-4.166233483005833405e-01,-4.299400302811115515e-01,-4.428874636378519192e-01,-4.553662867807107273e-01,-4.672712061373710535e-01,-4.784926279872052657e-01,-4.889187044218347156e-01,-4.984377648219262547e-01,-5.069410714480699909e-01,-5.143258032570107163e-01,-5.204981394913719139e-01,-5.253762882064570983e-01,-5.288932889993183117e-01,-5.309994174038986658e-01,-5.316640328475252808e-01,-5.308767427701548414e-01,-5.286478001559424822e-01,-5.250077057853572704e-01,-5.200060438987361700e-01,-5.137096340208776590e-01,-5.062001263443429711e-01,-4.975711987753525523e-01,-4.879255281775392028e-01,-4.773717065474714083e-01,-4.660212569574341268e-01,-4.539858777163853221e-01,-4.413750106368554693e-01,-4.282937948089575175e-01,-4.148414344909358564e-01,-4.011099812659558173e-01,-3.871835080374291249e-01,-3.731376362907518063e-01,-3.590393680953339328e-01,-3.449471697776172463e-01,-3.309112539939713660e-01,-3.169740099186971749e-01,-3.031705363466590808e-01,-2.895292387551260949e-01,-2.760724580319799948e-01,-2.628171051131298341e-01,-2.497752818172598865e-01,-2.369548735084332780e-01,-2.243601037608422000e-01,-2.119920449339322555e-01,-1.998490815348238081e-01,-1.879273255263446407e-01,-1.762209844271334924e-01,-1.647226842430050964e-01,-1.534237500601994542e-01,-1.423144476065706654e-01,-1.313841893205841826e-01,-1.206217085230319175e-01,-1.100152052140607878e-01,-9.955246685976691656e-02,-8.922096732046741474e-02,-7.900794683153535003e-02,-6.890047569581064790e-02,-5.888550409752928844e-02,-4.894990021098795385e-02,-3.908047855926110453e-02,-2.926402038354135315e-02,-1.948728761469236889e-02,-9.737031896935591929e-03,0.000000000000000000e+00
0.000000000000000000e+00,-9.269440818707772034e-03,-1.855263099792642950e-02,-2.786330100463092763e-02,-3.721520641751860370e-02,-4.662213810615049858e-02,-5.609792943762892392e-02,-6.565645938269266957e-02,-7.531165027366260034e-02,-8.507745881536668553e-02,-9.496785876606742005e-02,-1.049968134878155185e-01,-1.151782363144190496e-01,-1.255259364011862278e-01,-1.360535474060212413e-01,-1.467744360108998170e-01,-1.577015869337018428e-01,-1.688474607146150663e-01,-1.802238202061427763e-01,-1.918415213755437498e-01,-2.037102637769193092e-01,-2.158382959117532973e-01,-2.282320707296700280e-01,-2.408958467990454655e-01,-2.538312312907846091e-01,-2.670366619768405614e-01,-2.805068270739290992e-01,-2.942320241020204841e-01,-3.081974621226639677e-01,-3.223825159135982332e-01,-3.367599459371834469e-01,-3.512951044302870529e-01,-3.659451555502509779e-01,-3.806583460846980627e-01,-3.953733724098330571e-01,-4.100188985547599252e-01,-4.245132884992449673e-01,-4.387646219906060630e-01,-4.526710657169006335e-01,-4.661216689305627270e-01,-4.789976428788058627e-01,-4.911741652322293983e-01,-5.025227233145332928e-01,-5.129139735778704967e-01,-5.222210511236268227e-01,-5.303232154812734800e-01,-5.371096722856898431e-01,-5.424833710815013532e-01,-5.463645537318049250e-01,-5.486938215225299897e-01,-5.494345056857949938e-01,-5.485741662651462125e-01,-5.461251049209067121e-01,-5.421238518925592942e-01,-5.366296669001828779e-01,-5.297221683857010754e-01,-5.214982661699806288e-01,-5.120686128013539617e-01,-5.015538055032388032e-01,-4.900805642423615160e-01,-4.777780856879184634e-01,-4.647747334200784119e-01,-4.511951781740290435e-01,-4.371580543185080159e-01,-4.227741551230141392e-01,-4.081451530094986624e-01,-3.933628035957571489e-01,-3.785085741727939879e-01,-3.636536275206190272e-01,-3.488590892238383478e-01,-3.341765291999427845e-01,-3.196485943113484551e-01,-3.053097372022776645e-01,-2.911869956743621257e-01,-2.773007860918932366e-01,-2.636656828808249808e-01,-2.502911637927711652e-01,-2.371823070755731400e-01,-2.243404319932848501e-01,-2.117636783302480896e-01,-1.994475237097710352e-01,-1.873852398976616207e-01,-1.755682908904359352e-01,-1.639866766471832493e-01,-1.526292269388258571e-01,-1.414838500677485789e-01,-1.305377412453773700e-01,-1.197775552788983289e-01,-1.091895479691277343e-01,-9.875969030430430118e-02,-8.847375918293282071e-02,-7.831740803731676581e-02,-6.827622037546292322e-02,-5.833574892456045574e-02,-4.848154275188245460e-02,-3.869916446348336397e-02,-2.897419933992767191e-02,-1.929225806259073778e-02,-9.638974513912768050e-03,0.000000000000000000e+00
0.000000000000000000e+00,-9.152823860204703510e-03,-1.832035503169433810e-02,-2.751729415575141988e-02,-3.675838955642429795e-02,-4.605845884691193298e-02,-5.543240772494473917e-02,-6.489524486587522345e-02,-7.446209168681500179e-02,-8.414818558215818312e-02,-9.396887501803875831e-02,-1.039396046184633132e-01,-1.140758880770257055e-01,-1.243932663838936553e-01,-1.349072484679819384e-01,-1.456332309206073428e-01,-1.565863929940823907e-01,-1.677815625654714982e-01,-1.792330482366464306e-01,-1.909544322293370844e-01,-2.029583182607316016e-01,-2.152560281974752188e-01,-2.278572410461311148e-01,-2.407695678291795482e-01,-2.539980562239266271e-01,-2.675446196404966392e-01,-2.814073868458756289e-01,-2.955799704924735316e-01,-3.100506561927759974e-01,-3.248015183173543208e-01,-3.398074746927045586e-01,-3.550353000058379394e-01,-3.704426270620285178e-01,-3.859769760151958717e-01,-4.015748639898935601e-01,-4.171610605129992266e-01,-4.326480668380610073e-01,-4.479359080701424967e-01,-4.629123339918231328e-01,-4.774535252482902670e-01,-4.914253934602003659e-01,-5.046855444440943028e-01,-5.170859412667576649e-01,-5.284762579193229559e-01,-5.387078565553485854e-01,-5.476382555918779538e-01,-5.551358892458436722e-01,-5.610849001385556090e-01,-5.653896652928480648e-01,-5.679787412232921717e-01,-5.688079321035247604e-01,-5.678622377792690301e-01,-5.651565216305155515e-01,-5.607348424621358962e-01,-5.546685062424571155e-01,-5.470529976851091769e-01,-5.380040349043128112e-01,-5.276530431583660308e-01,-5.161423619795980633e-01,-5.036204853649337565e-01,-4.902375933929963292e-01,-4.761415746939680060e-01,-4.614746724717986304e-01,-4.463708211330137399e-01,-4.309536827347935639e-01,-4.153353465243050935e-01,-3.996156223878494229e-01,-3.838818396393653964e-01,-3.682090544885854855e-01,-3.526605702862794511e-01,-3.372886816368322882e-01,-3.221355642931906238e-01,-3.072342454140653545e-01,-2.926096017623578960e-01,-2.782793457232618506e-01,-2.642549699935891616e-01,-2.505426311334110201e-01,-2.371439598016543693e-01,-2.240567914966388741e-01,-2.112758161585156780e-01,-1.987931482739123124e-01,-1.865988213750860436e-01,-1.746812122572116710e-01,-1.630274010369497928e-01,-1.516234735046851356e-01,-1.404547722149687705e-01,-1.295061025214188088e-01,-1.187618993763891184e-01,-1.082063602448422174e-01,-9.782354897215519984e-02,-8.759747492984351624e-02,-7.751215126403586397e-02,-6.755163560362810460e-02,-5.770005615738824784e-02,-4.794162574667303056e-02,-3.826064598480110462e-02,-2.864150352557543952e-02,-1.906866006088438203e-02,-9.526637549072985989e-03,0.000000000000000000e+00
0.000000000000000000e+00,-9.021591312605848137e-03,-1.805882347678398891e-02,-2.712734382142483608e-02,-3.624287174892897728e-02,-4.542123276047964342e-02,-5.467838993146684201e-02,-6.403047181830054391e-02,-7.349379562845981262e-02,-8.308488429312091417e-02,-9.282047584246695682e-02,-1.027175231937485222e-01,-1.127931821171053867e-01,-1.230647847399444494e-01,-1.335497954839520995e-01,-1.442657457975161650e-01,-1.552301434509220646e-01,-1.664603515063602657e-01,-1.779734313694107672e-01,-1.897859435911674886e-01,-2.019136993495753984e-01,-2.143714548388667429e-01,-2.271725402006922190e-01,-2.403284142281779390e-01,-2.538481359838375417e-01,-2.677377448501274126e-01,-2.819995415753637769e-01,-2.966312648308481181e-01,-3.116251609445999105e-01,-3.269669491463411126e-01,-3.426346911878548340e-01,-3.585975829158921657e-01,-3.748146965222792781e-01,-3.912337158759101596e-01,-4.077897233903662322e-01,-4.244041147400566261e-01,-4.409837363033219382e-01,-4.574203576945866656e-01,-4.735906055852931451e-01,-4.893564918817608356e-01,-5.045666653407405722e-01,-5.190584968552653944e-01,-5.326610715478911073e-01,-5.451991036992979156e-01,-5.564977144046825419e-01,-5.663879214246898552e-01,-5.747125949481157736e-01,-5.813325446720301048e-01,-5.861323376869023161e-01,-5.890254175686272520e-01,-5.899581134212548150e-01,-5.889121970343172974e-01,-5.859057616225404885e-01,-5.809923428251950739e-01,-5.742583612864680109e-01,-5.658191133476987433e-01,-5.558136516861412746e-01,-5.443989671551004994e-01,-5.317439014220363136e-01,-5.180231909155909031e-01,-5.034119766743200275e-01,-4.880810263783400549e-01,-4.721928190954118865e-01,-4.558985528473413762e-01,-4.393360589668880434e-01,-4.226285501061797789e-01,-4.058840916620161110e-01,-3.891956675352095663e-01,-3.726417071535986225e-01,-3.562869475567005395e-01,-3.401835181774778838e-01,-3.243721534402621010e-01,-3.088834568593101793e-01,-2.937391581815141928e-01,-2.789533211657851397e-01,-2.645334732715733383e-01,-2.504816396764531494e-01,-2.367952727557222359e-01,-2.234680746864940726e-01,-2.104907155081221781e-01,-1.978514521204831622e-01,-1.855366556550649970e-01,-1.735312556981282450e-01,-1.618191102235552181e-01,-1.503833100034582537e-01,-1.392064258631420526e-01,-1.282707065529561097e-01,-1.175582343114166539e-01,-1.070510444553130630e-01,-9.673121459746704398e-02,-8.658092839045949951e-02,-7.658251804305871158e-02,-6.671848926529191925e-02,-5.697153177245989353e-02,-4.732451801856409068e-02,-3.776049243380495690e-02,-2.826265310590793042e-02,-1.881432756727777211e-02,-9.398944125510512795e-03,0.000000000000000000e+00
0.000000000000000000e+00,-8.874806619240716704e-03,-1.776615107402420082e-02,-2.669059165632745034e-02,-3.566478476303263506e-02,-4.470553224961040795e-02,-5.382982660441016504e-02,-6.305489303740638429e-02,-7.239822741687286511e-02,-8.187762877907281411e-02,-9.151122487440149778e-02,-1.013174888924311678e-01,-1.113152451210840804e-01,-1.215236608343925329e-01,-1.319622211616183205e-01,-1.426506830611352361e-01,-1.536090038002377589e-01,-1.648572385247893402e-01,-1.764154005930171631e-01,-1.883032773561830742e-01,-2.005401930168333458e-01,-2.131447091201009170e-01,-2.261342521943415784e-01,-2.395246571423466919e-01,-2.533296143195219452e-01,-2.675600079943239451e-01,-2.822231343002417625e-01,-2.973217881561307507e-01,-3.128532113244176793e-01,-3.288078982389575633e-01,-3.451682629707951699e-01,-3.619071802447486608e-01,-3.789864262772309478e-01,-3.963550617561333311e-01,-4.139478196412190725e-01,-4.316835842862846717e-01,-4.494640746389635400e-01,-4.671728709804883195e-01,-4.846749486734028833e-01,-5.018168992514662197e-01,-5.184280233053155662e-01,-5.343224646966564517e-01,-5.493025156624170569e-01,-5.631631531054747120e-01,-5.756977672025636039e-01,-5.867049192879161268e-01,-5.959958284365608483e-01,-6.034021535325506669e-01,-6.087835326401280778e-01,-6.120342873538082706e-01,-6.130887145525797388e-01,-6.119244792337453775e-01,-6.085637834529209478e-01,-6.030721971107319002e-01,-5.955552648441355679e-01,-5.861532139943377295e-01,-5.750342499742195912e-01,-5.623870166084855571e-01,-5.484128137689314730e-01,-5.333181104851684173e-01,-5.173077867437533284e-01,-5.005794045500367995e-01,-4.833186712922586947e-01,-4.656961342753085376e-01,-4.478650461254536919e-01,-4.299602715024013477e-01,-4.120980655835980722e-01,-3.943765398647354758e-01,-3.768766349396355242e-01,-3.596634367887714401e-01,-3.427876971111775695e-01,-3.262874449408209032e-01,-3.101896030429521778e-01,-2.945115464085393819e-01,-2.792625605224385299e-01,-2.644451736311301815e-01,-2.500563500932519445e-01,-2.360885414406789229e-01,-2.225305985143004872e-01,-2.093685525008364412e-01,-1.965862753897703319e-01,-1.841660317370699407e-01,-1.720889340365359677e-01,-1.603353137588246491e-01,-1.488850194537737481e-01,-1.377176523972966360e-01,-1.268127492257632716e-01,-1.161499199267908428e-01,-1.057089485048748334e-01,-9.546986265072943123e-02,-8.541297783622105178e-02,-7.551892044276227456e-02,-6.576863381293943100e-02,-5.614337049091359250e-02,-4.662467338184246579e-02,-3.719434810768931787e-02,-2.783442845929795170e-02,-1.852713653551282813e-02,-9.254838913035762921e-03,0.000000000000000000e+00
0.000000000000000000e+00,-8.711569693494965183e-03,-1.744052470183197340e-02,-2.620428547980748618e-02,-3.502039800857409402e-02,-4.390659526738564106e-02,-5.288085701296595803e-02,-6.196146711676359109e-02,-7.116706754322732476e-02,-8.051670783316847158e-02,-9.002988867834850473e-02,-9.972659782833204201e-02,-1.096273361486036907e-01,-1.197531311389909425e-01,-1.301255346115458289e-01,-1.407666005047586155e-01,-1.516988379641321383e-01,-1.629451338372072122e-01,-1.745286376069721812e-01,-1.864726005204528358e-01,-1.988001592684185970e-01,-2.115340530623260051e-01,-2.246962613832617361e-01,-2.383075481239595173e-01,-2.523868964319953001e-01,-2.669508174708602466e-01,-2.820125158012318778e-01,-2.975808944950353307e-01,-3.136593848863827305e-01,-3.302445896140741022e-01,-3.473247340198808986e-01,-3.648779308384162978e-01,-3.828702773018858863e-01,-4.012538230894306390e-01,-4.199644725590666039e-01,-4.389199155200290137e-01,-4.580177167269588456e-01,-4.771337333593257402e-01,-4.961210683616752437e-01,-5.148097999920566714e-01,-5.330077464450050373e-01,-5.505025194326969018e-01,-5.670650820033549255e-01,-5.824549450635834180e-01,-5.964270099791703084e-01,-6.087398950675683151e-01,-6.191653862165176214e-01,-6.274984521223566647e-01,-6.335670974712530601e-01,-6.372412301221723752e-01,-6.384397218969729559e-01,-6.371349620642807743e-01,-6.333544307392272588e-01,-6.271791251995393335e-01,-6.187390061158293264e-01,-6.082059364723055861e-01,-5.957848140895971589e-01,-5.817037181425084302e-01,-5.662038936121377430e-01,-5.495303003472803427e-01,-5.319232862396328088e-01,-5.136117442763494800e-01,-4.948079156546240642e-01,-4.757038315815519391e-01,-4.564692592902456769e-01,-4.372509369906423249e-01,-4.181728438687679072e-01,-3.993372462652404198e-01,-3.808262796827204810e-01,-3.627038587435040817e-01,-3.450177458304854450e-01,-3.278016482264386466e-01,-3.110772494899676222e-01,-2.948561116260352555e-01,-2.791414096170062309e-01,-2.639294791863498468e-01,-2.492111728543246474e-01,-2.349730292163488277e-01,-2.211982667840632910e-01,-2.078676174794295839e-01,-1.949600166635920284e-01,-1.824531669923413479e-01,-1.703239928755664878e-01,-1.585490012267539439e-01,-1.471045627757343321e-01,-1.359671266645307297e-01,-1.251133794752971595e-01,-1.145203583302993600e-01,-1.041655263041359331e-01,-9.402681712274064962e-02,-8.408265500159210759e-02,-7.431195449624818095e-02,-6.469410439493553100e-02,-5.520893896503999837e-02,-4.583669926109461279e-02,-3.655798669897425413e-02,-2.735371068787837215e-02,-1.820503177767519506e-02,-9.093301515065250681e-03,0.000000000000000000e+00
0.000000000000000000e+00,-8.531029870374908300e-03,-1.708022940566573250e-02,-2.566581863381342532e-02,-3.430617159409267425e-02,-4.301989255607379520e-02,-5.182589115385938944e-02,-6.074345588876514657e-02,-6.979232528518870826e-02,-7.899275576155267986e-02,-8.836558499235444564e-02,-9.793228917787392962e-02,-1.077150321922497184e-01,-1.177367040334584974e-01,-1.280209453331389857e-01,-1.385921538811468456e-01,-1.494754681588654488e-01,-1.606967217357090638e-01,-1.722823610454077004e-01,-1.842593175066216671e-01,-1.966548231780176070e-01,-2.094961571461502470e-01,-2.228103076616634315e-01,-2.366235327240580333e-01,-2.509607994732403480e-01,-2.658450805489384061e-01,-2.812964837887337866e-01,-2.973311906317652187e-01,-3.139601789077730021e-01,-3.311877080300513754e-01,-3.490095498904777216e-01,-3.674109580994073809e-01,-3.863643829276688924e-01,-4.058269607873955520e-01,-4.257378366377163603e-01,-4.460154162258672672e-01,-4.665546926124162774e-01,-4.872248465147303587e-01,-5.078673788924706889e-01,-5.282950900881702161e-01,-5.482922623038927190e-01,-5.676164172703588306e-01,-5.860019923128811925e-01,-6.031661897308018272e-01,-6.188170955779958016e-01,-6.326639345297030426e-01,-6.444290440429674138e-01,-6.538608494417799122e-01,-6.607468548495889493e-01,-6.649254935997125360e-01,-6.662956589747340841e-01,-6.648228911182796352e-01,-6.605415218940294819e-01,-6.535525297333178996e-01,-6.440173524281858075e-01,-6.321483560931783208e-01,-6.181969844507254619e-01,-6.024407675870608880e-01,-5.851703465462876341e-01,-5.666774988378596722e-01,-5.472448832243536065e-01,-5.271379205800137413e-01,-5.065989441325287057e-01,-4.858435229980533898e-01,-4.650587040901706937e-01,-4.444028291957216048e-01,-4.240065553581823798e-01,-4.039747217844495419e-01,-3.843887489586271244e-01,-3.653093115354253406e-01,-3.467790854751895968e-01,-3.288254249677220464e-01,-3.114628722298857233e-01,-2.946954417862332476e-01,-2.785186503907717825e-01,-2.629212852272374001e-01,-2.478869177392119816e-01,-2.333951797857331256e-01,-2.194228240972382893e-01,-2.059445933451919952e-01,-1.929339224509959705e-01,-1.803634977557439512e-01,-1.682056948816923747e-01,-1.564329149189801760e-01,-1.450178362288941647e-01,-1.339335968396377363e-01,-1.231539202278192635e-01,-1.126531952873842390e-01,-1.024065195138297163e-01,-9.238971288039231344e-02,-8.257930854636440221e-02,-7.295252539999569352e-02,-6.348722648013097047e-02,-5.416186652115620448e-02,-4.495543120478395771e-02,-3.584737016100198598e-02,-2.681752532233342909e-02,-1.784605588590166408e-02,-8.913360864405970793e-03,0.000000000000000000e+00
0.000000000000000000e+00,-8.332399534352000897e-03,-1.668367581747433326e-02,-2.507277152046741980e-02,-3.351881246954364207e-02,-4.204119903842055278e-02,-5.065969718430864827e-02,-5.939452883132849415e-02,-6.826646114213423544e-02,-7.729689400045973435e-02,-8.650794474412319690e-02,-9.592252882693451388e-02,-1.055644346332428596e-01,-1.154583901015837633e-01,-1.256301181115897780e-01,-1.361063767249311718e-01,-1.469149793169571006e-01,-1.580847883581411040e-01,-1.696456750687243831e-01,-1.816284353412774277e-01,-1.940646501728459927e-01,-2.069864763482921199e-01,-2.204263502635348815e-01,-2.344165845949226779e-01,-2.489888340780547771e-01,-2.641734030948503786e-01,-2.799983643213092566e-01,-2.964884547412287574e-01,-3.136637134548087569e-01,-3.315378257239343651e-01,-3.501161407211726972e-01,-3.693933379624939062e-01,-3.893507312498203365e-01,-4.099532212973062140e-01,-4.311459414002901669e-01,-4.528506866964673305e-01,-4.749622781880660782e-01,-4.973450875255785442e-01,-5.198300345254863730e-01,-5.422124591219733558e-01,-5.642513498409374995e-01,-5.856704623527047016e-01,-6.061618588688666431e-01,-6.253923142911995692e-01,-6.430128444867011517e-01,-6.586713063214209019e-01,-6.720276137316744114e-01,-6.827706577333262361e-01,-6.906355914750861302e-01,-6.954198430252304108e-01,-6.969961402169466691e-01,-6.953210292131393189e-01,-6.904378387833399744e-01,-6.824737157259761489e-01,-6.716311060008562928e-01,-6.581747295772450990e-01,-6.424155673347784479e-01,-6.246935756899835157e-01,-6.053607662569616688e-01,-5.847659894340790920e-01,-5.632423340138246193e-01,-5.410975985347988848e-01,-5.186078847407553649e-01,-4.960140577699488906e-01,-4.735206271640913234e-01,-4.512965179284331163e-01,-4.294771980834074521e-01,-4.081676806160470794e-01,-3.874459981274879228e-01,-3.673668382001126775e-01,-3.479651134794684020e-01,-3.292593152975702986e-01,-3.112545602829410729e-01,-2.939452855931171671e-01,-2.773175815898032415e-01,-2.613511731242935121e-01,-2.460210744463465771e-01,-2.312989502621640991e-01,-2.171542184918116569e-01,-2.035549302887491308e-01,-1.904684610071726014e-01,-1.778620428551465071e-01,-1.657031665245130569e-01,-1.539598755235065120e-01,-1.426009734945220819e-01,-1.315961616165390313e-01,-1.209161203383933153e-01,-1.105325471887756150e-01,-1.004181602556957625e-01,-9.054667509965949601e-02,-8.089276132957658183e-02,-7.143198379383290664e-02,-6.214073228636177865e-02,-5.299614280645050662e-02,-4.397601271195999972e-02,-3.505871154282458324e-02,-2.622308884304606208e-02,-1.744837995632257666e-02,-8.714110497794424343e-03,0.000000000000000000e+00
0.000000000000000000e+00,-8.114968259724361990e-03,-1.624942863861415787e-02,-2.442295483225923047e-02,-3.265533301142250350e-02,-4.096666856826469000e-02,-4.937749335029906206e-02,-5.790887338381943417e-02,-6.658251693860664511e-02,-7.542088258259389832e-02,-8.444728660742971404e-02,-9.368600885889359631e-02,-1.031623955615019184e-01,-1.129029571617073263e-01,-1.229354585011699919e-01,-1.332889977374669410e-01,-1.439940693149957263e-01,-1.550826049080090696e-01,-1.665879845589536279e-01,-1.785450081613340345e-01,-1.909898149273767942e-01,-2.039597354781441663e-01,-2.174930576476427624e-01,-2.316286829735069441e-01,-2.464056461643302498e-01,-2.618624646619897023e-01,-2.780362799338809143e-01,-2.949617466677812438e-01,-3.126696211582227214e-01,-3.311849967371355286e-01,-3.505251333967840388e-01,-3.706968325892998073e-01,-3.916933189958187178e-01,-4.134906119394070045e-01,-4.360434037676275132e-01,-4.592805149651202901e-01,-4.831000696721189369e-01,-5.073646329360721463e-01,-5.318966714616063518e-01,-5.564748362850528984e-01,-5.808317036894942165e-01,-6.046537238755750332e-01,-6.275841777813517819e-01,-6.492298846266292278e-01,-6.691721900499089104e-01,-6.869823670305674757e-01,-7.022409859702393176e-01,-7.145601185202451466e-01,-7.236065540662806050e-01,-7.291236905662473733e-01,-7.309495718407221787e-01,-7.290287857981241348e-01,-7.234166226962549517e-01,-7.142749165744213258e-01,-7.018601467199142574e-01,-6.865054000651411581e-01,-6.685984800312745335e-01,-6.485586897168292841e-01,-6.268146277330650662e-01,-6.037848177727648258e-01,-5.798623073231318203e-01,-5.554036791463626832e-01,-5.307223433326001549e-01,-5.060855800543325733e-01,-4.817145904437887260e-01,-4.577867551968217152e-01,-4.344393513845594690e-01,-4.117740911531546089e-01,-3.898619838813600635e-01,-3.687481600263241011e-01,-3.484564153257091457e-01,-3.289933316751028070e-01,-3.103519049147424602e-01,-2.925146621936807745e-01,-2.754562862306527693e-01,-2.591457846714598778e-01,-2.435482535508843860e-01,-2.286262877026676854e-01,-2.143410902557150721e-01,-2.006533299177652718e-01,-1.875237898631698652e-01,-1.749138465783482699e-01,-1.627858115341891676e-01,-1.511031633820441034e-01,-1.398306936864798511e-01,-1.289345850880945499e-01,-1.183824372426687116e-01,-1.081432528794350478e-01,-9.818739381150533296e-02,-8.848651465696269480e-02,-7.901348032989473358e-02,-6.974227197973931203e-02,-6.064788494301474181e-02,-5.170622137826261233e-02,-4.289397954377596051e-02,-3.418854111539900570e-02,-2.556785750106049457e-02,-1.701033576743601894e-02,-8.494724534324520765e-03,0.000000000000000000e+00
0.000000000000000000e+00,-7.878117261297359203e-03,-1.577623578151053294e-02,-2.371445386719695653e-02,-3.171311123972798268e-02,-3.979291102829953658e-02,-4.797504320016286045e-02,-5.628130977230073190e-02,-6.473425202058527561e-02,-7.335727972566995214e-02,-8.217480225720269482e-02,-9.121236098345408827e-02,-1.004967620816259316e-01,-1.100562082891668181e-01,-1.199204274460823616e-01,-1.301207947927082720e-01,-1.406904448579492650e-01,-1.516643673408176185e-01,-1.630794795832541944e-01,-1.749746659730662401e-01,-1.873907718094955932e-01,-2.003705357086138228e-01,-2.139584404157318653e-01,-2.282004568273715284e-01,-2.431436500287989244e-01,-2.588356091966954597e-01,-2.753236553632238404e-01,-2.926537725031312376e-01,-3.108691986452270517e-01,-3.300086055403206875e-01,-3.501037891738747465e-01,-3.711767911393562547e-01,-3.932363755597707011e-01,-4.162738019614511953e-01,-4.402578666098631577e-01,-4.651292397976763970e-01,-4.907942115325129584e-01,-5.171180794912109135e-01,-5.439185745758140511e-01,-5.709599179949910175e-01,-5.979483251048727244e-01,-6.245299838047108087e-01,-6.502926862042750500e-01,-6.747723076955406407e-01,-6.974651227588555269e-01,-7.178464503996068169e-01,-7.353953136528291745e-01,-7.496237483176453331e-01,-7.601082891774274541e-01,-7.665202667892405675e-01,-7.686511427374004279e-01,-7.664293884173042359e-01,-7.599264141473927037e-01,-7.493506397473368441e-01,-7.350306154422338034e-01,-7.173896862928815787e-01,-6.969156950837823716e-01,-6.741294957718435565e-01,-6.495556444099311877e-01,-6.236977392870052261e-01,-5.970197751204546766e-01,-5.699338268605503854e-01,-5.427935702082024028e-01,-5.158926495128770551e-01,-4.894666989148886427e-01,-4.636978380117804943e-01,-4.387206142496494765e-01,-4.146285768014557616e-01,-3.914808880042660588e-01,-3.693085770155460357e-01,-3.481202018165091561e-01,-3.279068071095720960e-01,-3.086461506135833033e-01,-2.903062252404102206e-01,-2.728481367416067394e-01,-2.562284121297476736e-01,-2.404008188498225618e-01,-2.253177724029814533e-01,-2.109314038802761471e-01,-1.971943506937708090e-01,-1.840603250311610428e-01,-1.714845060242359276e-01,-1.594237937670964500e-01,-1.478369563623080640e-01,-1.366846951752899164e-01,-1.259296484112191195e-01,-1.155363489172304553e-01,-1.054711486558734118e-01,-9.570211948794821177e-02,-8.619893764219870025e-02,-7.693275744304842179e-02,-6.787607843411068431e-02,-5.900260890469213176e-02,-5.028712794026449218e-02,-4.170534742736569517e-02,-3.323377490898661579e-02,-2.484957777620970532e-02,-1.653044897026759857e-02,-8.254474136245502219e-03,0.000000000000000000e+00
0.000000000000000000e+00,-7.621333915079804566e-03,-1.526305768754728995e-02,-2.294567320058437873e-02,-3.068995168776437674e-02,-3.851707053994580382e-02,-4.644875258759861847e-02,-5.450740858473426820e-02,-6.271628352331483358e-02,-7.109960726881686677e-02,-7.968274981605513729e-02,-8.849238120279449837e-02,-9.755663576548360971e-02,-1.069052799487287125e-01,-1.165698822522273914e-01,-1.265839830706405045e-01,-1.369832610963709063e-01,-1.478056915416572636e-01,-1.590916896070915798e-01,-1.708842302721473305e-01,-1.832289324814871112e-01,-1.961740919985046350e-01,-2.097706424235047662e-01,-2.240720179410007618e-01,-2.391338840779157759e-01,-2.550136939503591105e-01,-2.717700170379354629e-01,-2.894615754617437808e-01,-3.081459092889480833e-01,-3.278775781497319519e-01,-3.487057926237603911e-01,-3.706713574998382610e-01,-3.938028034458553872e-01,-4.181115888336342512e-01,-4.435862765377902028e-01,-4.701856409518798130e-01,-4.978307499785743495e-01,-5.263962083513545887e-01,-5.557009540728581332e-01,-5.854992746692220251e-01,-6.154730461612814008e-01,-6.452265624682053113e-01,-6.742856477899017431e-01,-7.021029178758547706e-01,-7.280709306044987894e-01,-7.515443914969596184e-01,-7.718714674829763034e-01,-7.884326722864872794e-01,-8.006839892976749251e-01,-8.081993464192551713e-01,-8.107067442168717220e-01,-8.081126084637895168e-01,-8.005103989651932705e-01,-7.881720004225978293e-01,-7.715233695757029997e-01,-7.511084067341883275e-01,-7.275464806070306434e-01,-7.014893050972196287e-01,-6.735820535716703361e-01,-6.444320447371405525e-01,-6.145865367520138012e-01,-5.845195762534411976e-01,-5.546267366730800452e-01,-5.252260054142178225e-01,-4.965629539792912328e-01,-4.688184984978456260e-01,-4.421178829354969753e-01,-4.165398820787863388e-01,-3.921255575920247205e-01,-3.688861753559577461e-01,-3.468100977253472661e-01,-3.258686059427256532e-01,-3.060206974585307771e-01,-2.872169533313529421e-01,-2.694025939558117866e-01,-2.525198465723760832e-01,-2.365097424459360886e-01,-2.213134502456418629e-01,-2.068732383287471277e-01,-1.931331443930190961e-01,-1.800394175077886516e-01,-1.675407854695048493e-01,-1.555885899875274758e-01,-1.441368234001050574e-01,-1.331420933360863978e-01,-1.225635358030915806e-01,-1.123626924067564620e-01,-1.025033636012054467e-01,-9.295144686679158996e-02,-8.367476635715107025e-02,-7.464289872587212549e-02,-6.582699842690924175e-02,-5.719962469483944045e-02,-4.873457158035361669e-02,-4.040670178624152648e-02,-3.219178457454540537e-02,-2.406633766109818676e-02,-1.600747275170666048e-02,-7.992744183564557195e-03,0.000000000000000000e+00
0.000000000000000000e+00,-7.344226072495064345e-03,-1.470909626448418765e-02,-2.211538086927932606e-02,-2.958414578273162177e-02,-3.713690333224885232e-02,-4.479576668508014614e-02,-5.258360897567797287e-02,-6.052422823471623192e-02,-6.864251911526710048e-02,-7.696465228274680659e-02,-8.551826214821689476e-02,-9.433264335797032774e-02,-1.034389560774758299e-01,-1.128704395875080452e-01,-1.226626329961619383e-01,-1.328536008998416618e-01,-1.434841605187984759e-01,-1.545981050858134531e-01,-1.662424159505895560e-01,-1.784674528153584183e-01,-1.913271075392078135e-01,-2.048789017975978788e-01,-2.191840022732031990e-01,-2.343071186571791253e-01,-2.503162392010682136e-01,-2.672821455252660794e-01,-2.852776325650554501e-01,-3.043763407824468525e-01,-3.246510862751038062e-01,-3.461715509329174600e-01,-3.690011710469117689e-01,-3.931930419830099721e-01,-4.187846441388491936e-01,-4.457911999624390442e-01,-4.741975059396642544e-01,-5.039481645294184853e-01,-5.349362910676055405e-01,-5.669910143885079634e-01,-5.998644493512275133e-01,-6.332193032256494547e-01,-6.666188635577598998e-01,-6.995217253593878359e-01,-7.312840941500944325e-01,-7.611726056859527967e-01,-7.883900382325298439e-01,-8.121148172246551722e-01,-8.315528114363445189e-01,-8.459969780169919185e-01,-8.548877140645682049e-01,-8.578652065827329087e-01,-8.548052269010136817e-01,-8.458318934509885256e-01,-8.313049086795462062e-01,-8.117837643159230288e-01,-7.879753910973695818e-01,-7.606738068720065860e-01,-7.307004712296082394e-01,-6.988524889871821077e-01,-6.658631051706968007e-01,-6.323759923668684779e-01,-5.989324305997076880e-01,-5.659690038714313420e-01,-5.338228725298050925e-01,-5.027417849307446174e-01,-4.728964705473688301e-01,-4.443936669016098628e-01,-4.172886183595441723e-01,-3.915963685979274578e-01,-3.673015279881822193e-01,-3.443664408708697611e-01,-3.227378277355328895e-01,-3.023520583919844795e-01,-2.831392463466418374e-01,-2.650263591573026600e-01,-2.479395271445831717e-01,-2.318057120451349484e-01,-2.165538734447977898e-01,-2.021157473479635591e-01,-1.884263297411638283e-01,-1.754241392546576905e-01,-1.630513171993119570e-01,-1.512536102199757426e-01,-1.399802702657017839e-01,-1.291838981780281947e-01,-1.188202505857469810e-01,-1.088480246410035712e-01,-9.922863115071874074e-02,-8.992596360713248083e-02,-8.090616830188539221e-02,-7.213741895745152954e-02,-6.358969799831275249e-02,-5.523458560953973390e-02,-4.704505701200221990e-02,-3.899528785871559516e-02,-3.106046727751178571e-02,-2.321661781417107967e-02,-1.544042133910247111e-02,-7.709049848321600402e-03,0.000000000000000000e+00
0.000000000000000000e+00,-7.046535859107791455e-03,-1.411382281976133329e-02,-2.122275111893380875e-02,-2.839453044511377686e-02,-3.565085361357828858e-02,-4.301406496086444819e-02,-5.050733503302842764e-02,-5.815484313379946923e-02,-6.598196927481785046e-02,-7.401549702013443532e-02,-8.228382862632342698e-02,-9.081721372787869562e-02,-9.964799257784719144e-02,-1.088108544894852286e-01,-1.183431115873612299e-01,-1.282849872010208003e-01,-1.386799171354145543e-01,-1.495748605171913215e-01,-1.610206147975058733e-01,-1.730721265994538127e-01,-1.857887861867191237e-01,-1.992346880883497096e-01,-2.134788334540709542e-01,-2.285952405584115721e-01,-2.446629179518738928e-01,-2.617656394225571503e-01,-2.799914404820244007e-01,-2.994317318531563576e-01,-3.201798959204977812e-01,-3.423291972523166415e-01,-3.659697989462102341e-01,-3.911846350885426760e-01,-4.180438510644566286e-01,-4.465974968893594577e-01,-4.768661591889600260e-01,-5.088292680582081617e-01,-5.424109487990759204e-01,-5.774635485372636712e-01,-6.137494030663062095e-01,-6.509220630284903164e-01,-6.885090823967719986e-01,-7.258995239441522473e-01,-7.623403632239111882e-01,-7.969466015904144163e-01,-8.287295853888417829e-01,-8.566462023853974594e-01,-8.796680313654311467e-01,-8.968646516631130217e-01,-9.074905796145684711e-01,-9.110623942425767341e-01,-9.074124496593165556e-01,-8.967082860133236411e-01,-8.794332182348995053e-01,-8.563326233235069029e-01,-8.283368143486898871e-01,-7.964741036757573278e-01,-7.617874931057401211e-01,-7.252655239353006378e-01,-6.877930801702705210e-01,-6.501230689628378911e-01,-6.128663071978037724e-01,-5.764951170965935123e-01,-5.413558203059875007e-01,-5.076859489445990636e-01,-4.756330189168737621e-01,-4.452727625261793665e-01,-4.166256012730993330e-01,-3.896707934854092836e-01,-3.643581267743006280e-01,-3.406172853108440646e-01,-3.183651556858194120e-01,-2.975113857185580635e-01,-2.779625110358833751e-01,-2.596249376755864202e-01,-2.424070304143221277e-01,-2.262205150572755286e-01,-2.109813635683298050e-01,-1.966102960669082467e-01,-1.830330041989228773e-01,-1.701801761515796818e-01,-1.579873841303504056e-01,-1.463948797795311119e-01,-1.353473311054846917e-01,-1.247935253029974906e-01,-1.146860549217812303e-01,-1.049809995654045758e-01,-9.563761139982136783e-02,-8.661800985226278393e-02,-7.788688875850070803e-02,-6.941123767660746513e-02,-6.116007798119267591e-02,-5.310421357104994772e-02,-4.521599547953401854e-02,-3.746909930604357813e-02,-2.983831414003659463e-02,-2.229934148962459464e-02,-1.482860262796504083e-02,-7.403052712488843341e-03,0.000000000000000000e+00
0.000000000000000000e+00,-6.728152622012067985e-03,-1.347700431032658464e-02,-2.026740467599423903e-02,-2.712054348669027531e-02,-3.405812561312472619e-02,-4.110255183515233723e-02,-4.827710752485425000e-02,-5.560616127167822970e-02,-6.311537556460011800e-02,-7.083193168985496557e-02,-7.878477102823792932e-02,-8.700485492638283802e-02,-9.552544524833640749e-02,-1.043824075543531987e-01,-1.136145385580125816e-01,-1.232639190183754813e-01,-1.333762924462470467e-01,-1.440014688274637578e-01,-1.551937508360119455e-01,-1.670123775167754454e-01,-1.795219768835876750e-01,-1.927930139348924266e-01,-2.069022137552922469e-01,-2.219329300243051695e-01,-2.379754166034596941e-01,-2.551269429372600150e-01,-2.734916716012033011e-01,-2.931801871051539221e-01,-3.143085275759058272e-01,-3.369965238929290008e-01,-3.613651934803972510e-01,-3.875328688155788015e-01,-4.156096669211770678e-01,-4.456898333825582426e-01,-4.778414380900283254e-01,-5.120928870215868400e-01,-5.484157888144981507e-01,-5.867039420288239215e-01,-6.267486771998047601e-01,-6.682115998495546938e-01,-7.105970248991316796e-01,-7.532280788941618788e-01,-7.952323943936807638e-01,-8.355450191546969219e-01,-8.729366711669930279e-01,-9.060735509264626897e-01,-9.336096376977645050e-01,-9.543041965454946984e-01,-9.671487373592735359e-01,-9.714825187794595696e-01,-9.670750667563464686e-01,-9.541567544135987067e-01,-9.333882218823391641e-01,-9.057778574372634672e-01,-8.725662932616961021e-01,-8.350994461064370489e-01,-7.947110099333545286e-01,-7.526301593157834757e-01,-7.099217368139852935e-01,-6.674579975721878222e-01,-6.259156997459220939e-01,-5.857904097021464640e-01,-5.474203993562545278e-01,-5.110142112927564817e-01,-4.766779152525144059e-01,-4.444397655412749004e-01,-4.142712131843546142e-01,-3.861040387255418316e-01,-3.598438397614655559e-01,-3.353803344569618039e-01,-3.125950167191908213e-01,-2.913666858229239653e-01,-2.715753169376493026e-01,-2.531046662797983293e-01,-2.358439308197601558e-01,-2.196887153291986472e-01,-2.045415021820848889e-01,-1.903117722714979254e-01,-1.769158879181965682e-01,-1.642768194202795518e-01,-1.523237744888074896e-01,-1.409917728764100431e-01,-1.302211958530896385e-01,-1.199573308335770694e-01,-1.101499246232728324e-01,-1.007527538027883779e-01,-9.172321723278052674e-02,-8.302195316315773288e-02,-7.461248169536170705e-02,-6.646087216443481716e-02,-5.853543422335168861e-02,-5.080643091037620462e-02,-4.324581167619079985e-02,-3.582696317905569722e-02,-2.852447557808270723e-02,-2.131392203403496832e-02,-1.417164914036033070e-02,-7.074576037592063098e-03,0.000000000000000000e+00
0.000000000000000000e+00,-6.389124670825863973e-03,-1.279872718924676168e-02,-1.924944544061558960e-02,-2.576227428968723768e-02,-3.235874982099849750e-02,-3.906114053937891767e-02,-4.589264798280138363e-02,-5.287761930958842505e-02,-6.004177455396723234e-02,-6.741245139308803258e-02,-7.501887042712061804e-02,-8.289242413014266675e-02,-9.106699276575273838e-02,-9.957929065194590090e-02,-1.084692461675476477e-01,-1.177804187638387678e-01,-1.275604559037492869e-01,-1.378615921893873442e-01,-1.487411918056707194e-01,-1.602623335927666759e-01,-1.724944352712504958e-01,-1.855139091804219043e-01,-1.994048358047615932e-01,-2.142596326162680143e-01,-2.301796833619048910e-01,-2.472758755707980816e-01,-2.656689700561093992e-01,-2.854896934100957240e-01,-3.068784003449724351e-01,-3.299840942392060494e-01,-3.549625183159252351e-01,-3.819729339327396778e-01,-4.111730857153973462e-01,-4.427117190606809083e-01,-4.767178753255132406e-01,-5.132860697851506782e-01,-5.524564071354544081e-01,-5.941887953063570427e-01,-6.383308165520675814e-01,-6.845796968525004189e-01,-7.324404098423102916e-01,-7.811844514431475206e-01,-8.298172020285432549e-01,-8.770655007177985407e-01,-9.213996248675030420e-01,-9.611027914372353154e-01,-9.943938731375896456e-01,-1.019594861737397107e+00,-1.035318756754060709e+00,-1.040644977887479561e+00,-1.035249643064870773e+00,-1.019456538554293301e+00,-9.941861485560643530e-01,-9.608253768606366263e-01,-9.210521341129189743e-01,-8.766474488133887411e-01,-8.293280036931766075e-01,-7.806234192367315083e-01,-7.318067519726956238e-01,-6.838725146219859496e-01,-6.375491014237862908e-01,-5.933314255676417348e-01,-5.515221441319568818e-01,-5.122735536959299729e-01,-4.756256204453447323e-01,-4.415381085516017490e-01,-4.099163657847806896e-01,-3.806312073901035320e-01,-3.535337374549925027e-01,-3.284660529855095712e-01,-3.052687256023560169e-01,-2.837858355318606529e-01,-2.638681923580205591e-01,-2.453752427937199443e-01,-2.281760489813346726e-01,-2.121496248842832111e-01,-1.971848423968124431e-01,-1.831800603047501474e-01,-1.700425850823393537e-01,-1.576880397318671245e-01,-1.460396928708624087e-01,-1.350277829145311859e-01,-1.245888597997172331e-01,-1.146651579462007325e-01,-1.052040080620386814e-01,-9.615729123197769290e-02,-8.748093593449052241e-02,-7.913445681255980302e-02,-7.108053288423267502e-02,-6.328462221048694603e-02,-5.571460968885549869e-02,-4.834048450372144257e-02,-4.113404376189987860e-02,-3.406861892136180819e-02,-2.711882174431388959e-02,-2.026030664746623564e-02,-1.346954646453464924e-02,-6.723618766900032843e-03,0.000000000000000000e+00
0.000000000000000000e+00,-6.029669447665439962e-03,-1.207941810840902283e-02,-1.816949246054495176e-02,-2.432050819234615399e-02,-3.055364136867063166e-02,-3.689082757369374632e-02,-4.335497189154814690e-02,-4.997017276163365218e-02,-5.676196296448354772e-02,-6.375757125648895407e-02,-7.098620847510229981e-02,-7.847938227544415390e-02,-8.627124502543978557e-02,-9.439897976451418204e-02,-1.029032294957315519e-01,-1.118285753945531952e-01,-1.212240697202123102e-01,-1.311438292197495137e-01,-1.416476944894884404e-01,-1.528019599132644790e-01,-1.646801771542933390e-01,-1.773640323411793673e-01,-1.909442924915615292e-01,-2.055218095588342009e-01,-2.212085596453227943e-01,-2.381286788408053801e-01,-2.564194336797629981e-01,-2.762320304755209177e-01,-2.977321199598174650e-01,-3.210997868129429333e-01,-3.465287217493048799e-01,-3.742241498562413615e-01,-4.043989258435886636e-01,-4.372669997153308397e-01,-4.730332063226432848e-01,-5.118780547225688649e-01,-5.539359318438497048e-01,-5.992649838848281840e-01,-6.478070754070055504e-01,-6.993369489097996938e-01,-7.534014621009537116e-01,-8.092531181060363954e-01,-8.657874708129942309e-01,-9.215011712066910610e-01,-9.744945546407181025e-01,-1.022545138387221497e+00,-1.063269225293404174e+00,-1.094363645141005703e+00,-1.113887474641304554e+00,-1.120530016509973636e+00,-1.113823010539725322e+00,-1.094234626554727807e+00,-1.063075471170753517e+00,-1.022286376434913491e+00,-9.741704204587614546e-01,-9.211112071246061461e-01,-8.653311244183596873e-01,-8.087297404539544043e-01,-7.528103055904916685e-01,-6.986771648107795718e-01,-6.470777110176798574e-01,-5.984649792978771199e-01,-5.530641162948806144e-01,-5.109331424916919717e-01,-4.720137921558264504e-01,-4.361715537279722832e-01,-4.032257878640830850e-01,-3.729715231621825722e-01,-3.451946661433063501e-01,-3.196822109787968991e-01,-2.962287730327618496e-01,-2.746404927526629458e-01,-2.547371063881479492e-01,-2.363527728710262954e-01,-2.193360831478849415e-01,-2.035495542885594200e-01,-1.888688187719174683e-01,-1.751816525054155360e-01,-1.623869373034571018e-01,-1.503936198121980650e-01,-1.391197054006164391e-01,-1.284913094504566977e-01,-1.184417776325151772e-01,-1.089108795951469755e-01,-9.984407588993320093e-02,-9.119185511839927871e-02,-8.290913663609646156e-02,-7.495473329890479930e-02,-6.729086840428664951e-02,-5.988274097648203093e-02,-5.269813373847591353e-02,-4.570705841658675300e-02,-3.888143337661253279e-02,-3.219478895487314779e-02,-2.562199619823076271e-02,-1.913901504875146348e-02,-1.272265829171573964e-02,-6.350367824934862598e-03,0.000000000000000000e+00
0.000000000000000000e+00,-5.650181763343690121e-03,-1.131986073885066918e-02,-1.702870604546285679e-02,-2.279676299771086004e-02,-2.864464846757681579e-02,-3.459375510767959128e-02,-4.066646766296994758e-02,-4.688639483829085824e-02,-5.327862049628317997e-02,-5.986997833821376680e-02,-6.668935467340890433e-02,-7.376802441446576875e-02,-8.114002604692280296e-02,-8.884258201190915749e-02,-9.691657170084189143e-02,-1.054070650753574923e-01,-1.143639257608418253e-01,-1.238424932621987606e-01,-1.339043546239367666e-01,-1.446182162572482166e-01,-1.560608865581862015e-01,-1.683183789978389411e-01,-1.814871430577853773e-01,-1.956754259377956329e-01,-2.110047602359331198e-01,-2.276115601249689424e-01,-2.456487885069101595e-01,-2.652876267576999014e-01,-2.867190320803509329e-01,-3.101549983540955457e-01,-3.358292354293315740e-01,-3.639968368578747615e-01,-3.949323017471990105e-01,-4.289249951414976225e-01,-4.662707560144302432e-01,-5.072578835268043429e-01,-5.521451654310425283e-01,-6.011290270899593002e-01,-6.542964557881176813e-01,-7.115604732654666753e-01,-7.725762910857497667e-01,-8.366400142272144569e-01,-9.025793237519563750e-01,-9.686580952338371686e-01,-1.032533224469781796e+00,-1.091314925385153289e+00,-1.141775189602376672e+00,-1.180703964920157611e+00,-1.205338426168807153e+00,-1.213765548008109763e+00,-1.205278699143798926e+00,-1.180584426198888703e+00,-1.141595669568725491e+00,-1.091075168928744565e+00,-1.032232890156564054e+00,-9.682967541901499331e-01,-9.021564582533583287e-01,-8.361550159809698624e-01,-7.720284591934047924e-01,-7.109490118493398958e-01,-6.536204712627412539e-01,-6.003875250564887356e-01,-5.513370471694678532e-01,-5.063819420572527319e-01,-4.653256716950302518e-01,-4.279093307661164802e-01,-3.938444971017546758e-01,-3.628352026888514992e-01,-3.345919467725383400e-01,-3.088400871654964908e-01,-2.853243791039071220e-01,-2.638109525574874881e-01,-2.440876435822149082e-01,-2.259633140175082155e-01,-2.092665895276580867e-01,-1.938443010257029364e-01,-1.795598135787409844e-01,-1.662913577612423477e-01,-1.539304318272692873e-01,-1.423803122005762589e-01,-1.315546897369679336e-01,-1.213764365342222540e-01,-1.117765003348127062e-01,-1.026929191166505578e-01,-9.406994615516681146e-02,-8.585727489197977902e-02,-7.800935284116337909e-02,-7.048477415828391379e-02,-6.324574116335092422e-02,-5.625758590047536672e-02,-4.948834364230502575e-02,-4.290837104993332207e-02,-3.649000244625383305e-02,-3.020723833519877582e-02,-2.403546089301249883e-02,-1.795117166856704735e-02,-1.193174715889970885e-02,-5.955208276521741298e-03,0.000000000000000000e+00
0.000000000000000000e+00,-5.251239751855475008e-03,-1.052120799883125499e-02,-1.582880692134133391e-02,-2.119331607024969519e-02,-2.663458887357337407e-02,-3.217325871295896589e-02,-3.783095809910784479e-02,-4.363055477713374819e-02,-4.959640898395657055e-02,-5.575465656957809268e-02,-6.213352329360356807e-02,-6.876367633039696947e-02,-7.567861987479691799e-02,-8.291514274966563236e-02,-9.051382709000191373e-02,-9.851962852569549900e-02,-1.069825398085835072e-01,-1.159583515179234831e-01,-1.255095252964129049e-01,-1.357061969420643999e-01,-1.466273284717774239e-01,-1.583620297424528645e-01,-1.710110709712978350e-01,-1.846886069043597867e-01,-1.995241304396759563e-01,-2.156646666598062978e-01,-2.332772050715869183e-01,-2.525513447431361191e-01,-2.737020884830089207e-01,-2.969726600585854137e-01,-3.226371207108958972e-01,-3.510024105876459188e-01,-3.824092127993208856e-01,-4.172306994247891310e-01,-4.558677272905476419e-01,-4.987383572455181824e-01,-5.462586288366901854e-01,-5.988103222704898032e-01,-6.566900750121992258e-01,-7.200330326660869806e-01,-7.887040570542218632e-01,-8.621521723320528796e-01,-9.392325683026895300e-01,-1.018019519413309482e+00,-1.095666183995310572e+00,-1.168407013056000476e+00,-1.231813508512109134e+00,-1.281339465323102278e+00,-1.312997583640472588e+00,-1.323915915852545089e+00,-1.312942675708495210e+00,-1.281229570777824289e+00,-1.231648469731193352e+00,-1.168186592954645331e+00,-1.095390065238968536e+00,-1.017687303358326023e+00,-9.388437736564599900e-01,-8.617062335220561087e-01,-7.882003222928757324e-01,-7.194707616958624374e-01,-6.560684365127279483e-01,-5.981283909065292503e-01,-5.455153819226704615e-01,-4.979326709990076205e-01,-4.549983726432607067e-01,-4.162963373557101998e-01,-3.814083891500331114e-01,-3.499335503150289850e-01,-3.214985215268858498e-01,-2.957624854006447590e-01,-2.724183597521707134e-01,-2.511919327389837142e-01,-2.318398205451207283e-01,-2.141468498957120881e-01,-1.979232397689772716e-01,-1.830018060365329879e-01,-1.692353150216105717e-01,-1.564940498152240789e-01,-1.446636146432544179e-01,-1.336429794674218741e-01,-1.233427538436223103e-01,-1.136836722065680261e-01,-1.045952698036913958e-01,-9.601472790478608743e-02,-8.788586766524066063e-02,-8.015827348560079779e-02,-7.278652849482779297e-02,-6.572954665092031745e-02,-5.894998776272532270e-02,-5.241374341596210379e-02,-4.608948329941223165e-02,-3.994825276214426790e-02,-3.396311359161129778e-02,-2.810882099490812081e-02,-2.236153060426824407e-02,-1.669853002681680881e-02,-1.109799003106760364e-02,-5.538730920689939607e-03,0.000000000000000000e+00
0.000000000000000000e+00,-4.833608224043354704e-03,-9.684989036942280582e-03,-1.457208740882759423e-02,-1.951322059473234102e-02,-2.452727247691157547e-02,-2.963389796546331625e-02,-3.485374120652372926e-02,-4.020867170334194857e-02,-4.572204292134008502e-02,-5.141897853850555672e-02,-5.732669223562549682e-02,-6.347484781948951882e-02,-6.989596756339652717e-02,-7.662589796490629213e-02,-8.370434369730757329e-02,-9.117548240953872452e-02,-9.908867525271419785e-02,-1.074992906231740097e-01,-1.164696616491349007e-01,-1.260702014315639719e-01,-1.363807039673108346e-01,-1.474918629595306785e-01,-1.595070451738070938e-01,-1.725443592611973498e-01,-1.867390643696112129e-01,-2.022463642347019641e-01,-2.192446298148013895e-01,-2.379390836753421945e-01,-2.585659569969899763e-01,-2.813970869060735680e-01,-3.067448445875104457e-01,-3.349671527157925266e-01,-3.664721323864955083e-01,-4.017215669223257457e-01,-4.412318117169604093e-01,-4.855699146216526652e-01,-5.353414050072030639e-01,-5.911643013156008264e-01,-6.536212403048368147e-01,-7.231782833576252401e-01,-8.000554964324082530e-01,-8.840328195420538160e-01,-9.741800322295053327e-01,-1.068522008571121784e+00,-1.163705760637956388e+00,-1.254834218283346070e+00,-1.335733151583435419e+00,-1.399843590508379476e+00,-1.441397313486081355e+00,-1.455958641510199270e+00,-1.441347300915482466e+00,-1.399743492939503620e+00,-1.335582823917193185e+00,-1.254633442259848408e+00,-1.163454244097554158e+00,-1.068219384459976551e+00,-9.738258573417385433e-01,-8.836265729883374664e-01,-7.995965778226122866e-01,-7.226660106827604846e-01,-6.530548475009479992e-01,-5.905429354894874416e-01,-5.346641233009100658e-01,-4.848356806894105198e-01,-4.404394917846997104e-01,-4.008699253960010256e-01,-3.655598269711977655e-01,-3.339927290028510964e-01,-3.057067300615331495e-01,-2.802935843180687780e-01,-2.573952370431634162e-01,-2.366991769138966639e-01,-2.179334177449298027e-01,-2.008615694528373963e-01,-1.852782397076969123e-01,-1.710048758002541414e-01,-1.578860790129674729e-01,-1.457863806060529233e-01,-1.345874461964133850e-01,-1.241856654460400250e-01,-1.144900813473143791e-01,-1.054206147594132503e-01,-9.690654324688574572e-02,-8.888519753033098658e-02,-8.130084330800010917e-02,-7.410372047889469960e-02,-6.724921570929213999e-02,-6.069714776112816734e-02,-5.441114802960645563e-02,-4.835812133961595038e-02,-4.250777426278257859e-02,-3.683220008214929675e-02,-3.130551109269889831e-02,-2.590351022353375166e-02,-2.060339503754933521e-02,-1.538348803811523564e-02,-1.022298791597699499e-02,-5.101736925008242690e-03,0.000000000000000000e+00
0.000000000000000000e+00,-4.398239144662969072e-03,-8.813110404415791521e-03,-1.326141374042785759e-02,-1.776030974674227061e-02,-2.232750833652016528e-02,-2.698146771755536438e-02,-3.174160752795465029e-02,-3.662854040185209437e-02,-4.166432676080229075e-02,-4.687275829881207972e-02,-5.227967647317274119e-02,-5.791333336139636162e-02,-6.380480353660768211e-02,-6.998845719903122597e-02,-7.650250674010472540e-02,-8.338964128143258603e-02,-9.069776661088961578e-02,-9.848087143617600958e-02,-1.068000451115171667e-01,-1.157246770994877910e-01,-1.253338745487312111e-01,-1.357181416352512271e-01,-1.469813728331940128e-01,-1.592432220709777968e-01,-1.726419206397496187e-01,-1.873376282781283875e-01,-2.035164129968528024e-01,-2.213949638364782757e-01,-2.412261430058404432e-01,-2.633054728644091957e-01,-2.879786170976988413e-01,-3.156498339638098005e-01,-3.467912187263191282e-01,-3.819522560975472936e-01,-4.217686796419810036e-01,-4.669687351421553667e-01,-5.183734342326280498e-01,-5.768849043383921238e-01,-6.434529751943741660e-01,-7.190040440043579117e-01,-8.043075113788045183e-01,-8.997442677073675954e-01,-1.004933427265213952e+00,-1.118183420293092034e+00,-1.235801332811236719e+00,-1.351491651076378364e+00,-1.456441993651464095e+00,-1.540905136952895660e+00,-1.596790143577017318e+00,-1.617174740348184425e+00,-1.596745096626495108e+00,-1.540814977125149587e+00,-1.456306588867268381e+00,-1.351310802650525611e+00,-1.235574774767789430e+00,-1.117910818443841992e+00,-1.004614378043909628e+00,-8.993782967502017556e-01,-8.038940718396186957e-01,-7.185425145907163857e-01,-6.429426579082769821e-01,-5.763250219027963306e-01,-5.177631271821494519e-01,-4.663070585532846368e-01,-4.210545994748036702e-01,-3.811846451172457573e-01,-3.459688519687788011e-01,-3.147713837050747920e-01,-2.870426472821154262e-01,-2.623104329406936719e-01,-2.401703611142145256e-01,-2.202766392830025621e-01,-2.023336079434064072e-01,-1.860882585677332557e-01,-1.713237456671427572e-01,-1.578538335972913542e-01,-1.455181826310958659e-01,-1.341783678367562682e-01,-1.237145265519023624e-01,-1.140225388719996180e-01,-1.050116567083872327e-01,-9.660250852535148813e-02,-8.872541777344473968e-02,-8.131898282233689101e-02,-7.432887471020728498e-02,-6.770681628841343502e-02,-6.140971245285811037e-02,-5.539890625271556845e-02,-4.963953989424430696e-02,-4.410000314575973634e-02,-3.875145451852336081e-02,-3.356740295064331026e-02,-2.852333964418725734e-02,-2.359641127242645756e-02,-1.876512704414681071e-02,-1.400909313402701369e-02,-9.308768801290017228e-03,-4.645239154233452190e-03,0.000000000000000000e+00
0.000000000000000000e+00,-3.946269014665882736e-03,-7.907850966993732605e-03,-1.190021880802618649e-02,-1.593918776437487292e-02,-2.004109478451090651e-02,-2.422298821829144480e-02,-2.850283161028445075e-02,-3.289972591449135536e-02,-3.743415500413607711e-02,-4.212826007919255600e-02,-4.700614949753158245e-02,-5.209425171325693382e-02,-5.742172044936443703e-02,-6.302090302644137998e-02,-6.892788499724376849e-02,-7.518312700238727331e-02,-8.183221319573102948e-02,-8.892673485278021484e-02,-9.652533807544878830e-02,-1.046949710941176698e-01,-1.135123748522287590e-01,-1.230658707125874274e-01,-1.334575116869480271e-01,-1.448056790582284981e-01,-1.572482251621766802e-01,-1.709462859022627401e-01,-1.860889135709949405e-01,-2.028987115331474800e-01,-2.216386860314379370e-01,-2.426205634716424309e-01,-2.662148467824937970e-01,-2.928628873624739559e-01,-3.230912021901441444e-01,-3.575281179548084332e-01,-3.969224830172816132e-01,-4.421634874493575174e-01,-4.942992752035146320e-01,-5.545494961613963714e-01,-6.243023078697195194e-01,-7.050780074098639272e-01,-7.984268436668165991e-01,-9.057039232962734721e-01,-1.027626603221809543e+00,-1.163477530031514773e+00,-1.309825119235288771e+00,-1.458889681421639217e+00,-1.597638658091846686e+00,-1.710545443781467112e+00,-1.787684007207211767e+00,-1.819205702717076267e+00,-1.787643989880412176e+00,-1.710465349931166834e+00,-1.597518369118536841e+00,-1.458729018909102226e+00,-1.309623844325587871e+00,-1.163235342583768928e+00,-1.027343140747914996e+00,-9.053787596648762426e-01,-7.980594875648602260e-01,-7.046679005490077419e-01,-6.238488229226429871e-01,-5.540519344107014410e-01,-4.937568638832788293e-01,-4.415753767565803733e-01,-3.962877427674312836e-01,-3.568457338521974775e-01,-3.223600716801572896e-01,-2.920818150285138803e-01,-2.653825392458569188e-01,-2.417356237473947400e-01,-2.206996072876190318e-01,-2.019038701941439640e-01,-1.850365616987009743e-01,-1.698345427804844043e-01,-1.560750680005751068e-01,-1.435689327216561617e-01,-1.321548373443689750e-01,-1.216947532863988518e-01,-1.120701091337277938e-01,-1.031786463736167336e-01,-9.493182111597678330e-02,-8.725265101389287348e-02,-8.007392548836340940e-02,-7.333671282631079591e-02,-6.698911027900504578e-02,-6.098519343685805671e-02,-5.528412933496944237e-02,-4.984942432442220073e-02,-4.464828303624352596e-02,-3.965105902012160816e-02,-3.483078106204600538e-02,-3.016274193718532573e-02,-2.562413856667172460e-02,-2.119375432294153677e-02,-1.685167564966785075e-02,-1.257903629361305578e-02,-8.357783337399246268e-03,-4.170459913439969121e-03,0.000000000000000000e+00
0.000000000000000000e+00,-3.479013011391035234e-03,-6.971850250289701213e-03,-1.049248485220078027e-02,-1.405520721247906744e-02,-1.767479161794065223e-02,-2.136667274986025350e-02,-2.514713582735641009e-02,-2.903352459746955452e-02,-3.304447196069457138e-02,-3.720015877513912356e-02,-4.152260734442778795e-02,-4.603601731033605399e-02,-5.076715320098548756e-02,-5.574579480696660594e-02,-6.100526397113990862e-02,-6.658304441250692540e-02,-7.252151502756039314e-02,-7.886882194021006820e-02,-8.567992068369201242e-02,-9.301782765761684724e-02,-1.009551298803094271e-01,-1.095758146585270459e-01,-1.189774969065447024e-01,-1.292741424676197015e-01,-1.405994121951355813e-01,-1.531107853244145778e-01,-1.669946637352839047e-01,-1.824727133002291279e-01,-1.998097670003976534e-01,-2.193236989180627483e-01,-2.413977792689548929e-01,-2.664961354726450016e-01,-2.951830620835527719e-01,-3.281470157992100178e-01,-3.662301397298166061e-01,-4.104639560597467818e-01,-4.621111890044642956e-01,-5.227120091603979501e-01,-5.941292700110869518e-01,-6.785793562416527758e-01,-7.786184590401548089e-01,-8.970185088273789908e-01,-1.036392065775397775e+00,-1.198275513559596162e+00,-1.381132471020580343e+00,-1.576603837242857686e+00,-1.764678054543446617e+00,-1.915954514429638600e+00,-2.024195280288404675e+00,-2.084320614401915517e+00,-2.024160350106590123e+00,-1.915884601808203636e+00,-1.764573054782045292e+00,-1.576463592827625604e+00,-1.380956771063890587e+00,-1.198064093045998479e+00,-1.036144604607531772e+00,-8.967346306640466835e-01,-7.782977299169383523e-01,-6.782212829625489103e-01,-5.937332982977501228e-01,-5.222775215432841067e-01,-4.616375024379288927e-01,-4.099503192405359875e-01,-3.656757300956082757e-01,-3.275509361807919517e-01,-2.945443369807773659e-01,-2.658137069205726011e-01,-2.406705022563321306e-01,-2.185503363156295065e-01,-1.989889839512249403e-01,-1.816030710184591279e-01,-1.660746126529305533e-01,-1.521386575185096901e-01,-1.395734130190439126e-01,-1.281923413008158041e-01,-1.178378169263772091e-01,-1.083760215252497633e-01,-9.969281921268745295e-02,-9.169041116058969376e-02,-8.428461077141348456e-02,-7.740261467706344156e-02,-7.098117118599280018e-02,-6.496506841921576014e-02,-5.930588048177337646e-02,-5.396092261328745004e-02,-4.889237613263548721e-02,-4.406655174490643062e-02,-3.945326588339782142e-02,-3.502530957789039279e-02,-3.075799315271302709e-02,-2.662875307990475449e-02,-2.261680971101182394e-02,-1.870286651446770657e-02,-1.486884295380508543e-02,-1.109763433196407634e-02,-7.372892857927305400e-03,-3.678824909061537661e-03,0.000000000000000000e+00
0.000000000000000000e+00,-2.997955821683274871e-03,-6.008090079850643243e-03,-9.042715862358011170e-03,-1.211443208683497981e-02,-1.523627386066479100e-02,-1.842187203848029073e-02,-2.168562550930300953e-02,-2.504289017324378558e-02,-2.851018913961502962e-02,-3.210544942261060741e-02,-3.584827136500750439e-02,-3.976023823426934334e-02,-4.386527497393351294e-02,-4.819006704141412523e-02,-5.276455273265593521e-02,-5.762250553077848808e-02,-6.280222701231631677e-02,-6.834737595527067000e-02,-7.430796585503138263e-02,-8.074157151625148410e-02,-8.771479635087849058e-02,-9.530506627931575880e-02,-1.036028347859638266e-01,-1.127143081827187976e-01,-1.227648324585196848e-01,-1.339031259081115144e-01,-1.463065986409620156e-01,-1.601880759120981323e-01,-1.758043434398615101e-01,-1.934670679423194095e-01,-2.135568258438006184e-01,-2.365412106463855857e-01,-2.629982994649046613e-01,-2.936471547288193595e-01,-3.293875216298386976e-01,-3.713514315021315682e-01,-4.209699444687950431e-01,-4.800585153298553842e-01,-5.509238451866220743e-01,-6.364921310224782580e-01,-7.404495735950765711e-01,-8.673600365685010249e-01,-1.022648089608550803e+00,-1.212100441813683593e+00,-1.439825870274666908e+00,-1.701715599582053651e+00,-1.968515666909913309e+00,-2.164399738047419142e+00,-2.308822444036313204e+00,-2.469721582934357951e+00,-2.308792651830905651e+00,-2.164340108504795968e+00,-1.968426109604607177e+00,-1.701595978469857329e+00,-1.439676003201760812e+00,-1.211920099855877009e+00,-1.022436996235238205e+00,-8.671178666244082622e-01,-7.401759520913909762e-01,-6.361866317272039106e-01,-5.505859890023306891e-01,-4.796877684450553403e-01,-4.205657162670676796e-01,-3.709130722109668654e-01,-3.289143196885633835e-01,-2.931383338523711468e-01,-2.624530153770912588e-01,-2.359585474529810323e-01,-2.129357920121225933e-01,-1.928065918496623954e-01,-1.751032684486116542e-01,-1.594451549240269717e-01,-1.455204880773924014e-01,-1.330723790558948905e-01,-1.218878921143513455e-01,-1.117894985197655511e-01,-1.026283523571447642e-01,-9.427897006061228269e-02,-8.663499671556287862e-02,-7.960581801667951374e-02,-7.311383367234781938e-02,-6.709225085871567407e-02,-6.148328864840355013e-02,-5.623670883798297104e-02,-5.130860724883575669e-02,-4.666041383842101098e-02,-4.225806091588853175e-02,-3.807128721195797427e-02,-3.407305210765816661e-02,-3.023903942866871045e-02,-2.654723419846381771e-02,-2.297755886822533053e-02,-1.951155799667408930e-02,-1.613212228423772238e-02,-1.282324438425970492e-02,-9.569800103513895206e-03,-6.357349529317347751e-03,-3.171953329428095405e-03,0.000000000000000000e+00
0.000000000000000000e+00,-2.504739194109773144e-03,-5.019869562781576269e-03,-7.555899743702087362e-03,-1.012358680462204820e-02,-1.273406710389408600e-02,-1.539899537034584293e-02,-1.813069517427002772e-02,-2.094232435891031294e-02,-2.384805953500857348e-02,-2.686330443755764394e-02,-3.000492784094570958e-02,-3.329153787563982059e-02,-3.674380105166694110e-02,-4.038481615765065341e-02,-4.424055558320798970e-02,-4.834038965875232796e-02,-5.271771352243934811e-02,-5.741070108028489827e-02,-6.246321718801931683e-02,-6.792592774761824215e-02,-7.385765865403071118e-02,-8.032706937657375923e-02,-8.741472669733257872e-02,-9.521569053863761234e-02,-1.038427593878284844e-01,-1.134305710820690816e-01,-1.241408206218248406e-01,-1.361689473194172273e-01,-1.497527690867963834e-01,-1.651837165643913197e-01,-1.828215650071284282e-01,-2.031139074583649395e-01,-2.266221018856068303e-01,-2.540561189970681477e-01,-2.863217026805864318e-01,-3.245846507688304738e-01,-3.703589934000265926e-01,-4.256286179493643518e-01,-4.930158235513428799e-01,-5.760161115920571229e-01,-6.793280332635653895e-01,-8.093243423753400112e-01,-9.747401846536881687e-01,-1.187652666058601536e+00,-1.464355342422058115e+00,-1.821917398755760198e+00,-2.243269651058530822e+00,-2.464306702763567003e+00,-2.576973550803995927e+00,-2.611979245585538401e+00,-2.576948940530662924e+00,-2.464257444374909234e+00,-2.243195668732878012e+00,-1.821818578415290713e+00,-1.464231531315271173e+00,-1.187503672198280791e+00,-9.745657761057874291e-01,-8.091242463928657314e-01,-6.791019352582697843e-01,-5.757636539353797600e-01,-4.927366041944051256e-01,-4.253221888503820325e-01,-3.700248587455538529e-01,-3.242222649734553541e-01,-2.859304681475296483e-01,-2.536353836198185219e-01,-2.261711562681067988e-01,-2.026319818284414431e-01,-1.823078257946388614e-01,-1.646372626119968485e-01,-1.491726274572505728e-01,-1.355540686587466126e-01,-1.234900740327794372e-01,-1.127427384564078788e-01,-1.031165291395926970e-01,-9.444965067322788621e-02,-8.660735714286806053e-02,-7.947673349453440728e-02,-7.296259383540032450e-02,-6.698423498839589652e-02,-6.147284952382836565e-02,-5.636945074364001912e-02,-5.162319766756828104e-02,-4.719003447747546764e-02,-4.303157861057244765e-02,-3.911420653743107045e-02,-3.540829749862795667e-02,-3.188760403291784201e-02,-2.852872468598298406e-02,-2.531065933761940043e-02,-2.221443149197496400e-02,-1.922276491106997623e-02,-1.631980433821527202e-02,-1.349087190626605329e-02,-1.072225226953740958e-02,-8.001000623237998835e-03,-5.314768644842948232e-03,-2.651644056280067722e-03,0.000000000000000000e+00
0.000000000000000000e+00,-2.001146333077664062e-03,-4.010773654993405463e-03,-6.037460612875284946e-03,-8.089991554580166014e-03,-1.017746500013864790e-02,-1.230940907222103677e-02,-1.449590658162487784e-02,-1.674773281096783931e-02,-1.907650950655806824e-02,-2.149487920003020913e-02,-2.401670477179124186e-02,-2.665730018304272864e-02,-2.943369960260646540e-02,-3.236497381939144879e-02,-3.547260496849537204e-02,-3.878093335245389600e-02,-4.231769370284781812e-02,-4.611466286395717734e-02,-5.020844694758477833e-02,-5.464144399876073865e-02,-5.946302880668712099e-02,-6.473102064402831701e-02,-7.051351375613519601e-02,-7.689117624425696740e-02,-8.396015830281193526e-02,-9.183579949159549616e-02,-1.006573925474455872e-01,-1.105943565463830131e-01,-1.218543074595233450e-01,-1.346937079582891661e-01,-1.494320589492019735e-01,-1.664710058763285705e-01,-1.863203397387269700e-01,-2.096337790801431344e-01,-2.372587857153163338e-01,-2.703067456109129463e-01,-3.102530339854064345e-01,-3.590814162636024043e-01,-4.194949991179978133e-01,-4.952287407803991348e-01,-5.915223900634751786e-01,-7.158694016206248456e-01,-8.793359289200383122e-01,-1.099414985143491119e+00,-1.408025725555282825e+00,-1.878329293779963605e+00,-2.153367376780887632e+00,-2.307612412394282497e+00,-2.357814352059586227e+00,-2.259301448986637872e+00,-2.357794960635359427e+00,-2.307573599132844322e+00,-2.153309080743893045e+00,-1.878251423278083587e+00,-1.407928157807417424e+00,-1.099297565818111888e+00,-8.791984715548293305e-01,-7.157116869157039707e-01,-5.913441650422651685e-01,-4.950297178112003649e-01,-4.192748547879910914e-01,-3.588397900957385200e-01,-3.099895269871796866e-01,-2.700209186424548102e-01,-2.369501576624920836e-01,-2.093018248164758011e-01,-1.859644878578134430e-01,-1.660906361740828452e-01,-1.490264996326564340e-01,-1.342622325547658257e-01,-1.213961313966446104e-01,-1.101086333698030328e-01,-1.001432097389159254e-01,-9.129217384537795243e-02,-8.338603081306082687e-02,-7.628540645001832821e-02,-6.987487348372387053e-02,-6.405818707876011209e-02,-5.875457681700935880e-02,-5.389583762569274961e-02,-4.942402996064264309e-02,-4.528964827139837085e-02,-4.145015208862094097e-02,-3.786877989448138998e-02,-3.451358497238033590e-02,-3.135664657783962528e-02,-2.837342036328058259e-02,-2.554219997542069714e-02,-2.284366780617649861e-02,-2.026051750806680610e-02,-1.777713444130256046e-02,-1.537932296429597549e-02,-1.305407160571720598e-02,-1.078934880799071842e-02,-8.573923216063494140e-03,-6.397203481321635937e-03,-4.249093318339715493e-03,-2.119858136277367067e-03,0.000000000000000000e+00
0.000000000000000000e+00,-1.489083355836934340e-03,-2.984635758801164936e-03,-4.493201896133437040e-03,-6.021484917583886168e-03,-7.576430067660327311e-03,-9.165313770702343543e-03,-1.079584028768456119e-02,-1.247624834215151080e-02,-1.421543048782825808e-02,-1.602306848310784682e-02,-1.790978857602954291e-02,-1.988734142542667588e-02,-2.196881244025941302e-02,-2.416886967753200527e-02,-2.650405819058397269e-02,-2.899315198658406964e-02,-3.165757770112525432e-02,-3.452192795627348487e-02,-3.761458744868610010e-02,-4.096850155011107220e-02,-4.462212619946257647e-02,-4.862060997841682192e-02,-5.301727570740898121e-02,-5.787549142453104339e-02,-6.327105175441341545e-02,-6.929523416331680175e-02,-7.605875595797974287e-02,-8.369694541805229593e-02,-9.237656676460304084e-02,-1.023049231614649168e-01,-1.137421348606434957e-01,-1.270178986860614201e-01,-1.425546566753404243e-01,-1.609000594783964455e-01,-1.827731059530560143e-01,-2.091307050974301751e-01,-2.412651762532178057e-01,-2.809492118512161851e-01,-3.306542157882220168e-01,-3.938816641183163214e-01,-4.756635880132573102e-01,-5.832951499948370033e-01,-7.273193503730870368e-01,-9.226458271816162515e-01,-1.190003488838452528e+00,-1.565035131189423279e+00,-1.619286607452769644e+00,-1.689989675724840046e+00,-1.722398453784173444e+00,-1.709617446577722744e+00,-1.722384310948923192e+00,-1.689961367183832053e+00,-1.619244087378839181e+00,-1.564978330625781844e+00,-1.189932315437463695e+00,-9.225601648532502086e-01,-7.272190588401145073e-01,-5.831800642512214861e-01,-4.755335176812053866e-01,-3.937363926987125229e-01,-3.304934997981727185e-01,-2.807727798414035858e-01,-2.410727276967658539e-01,-2.089219091406628592e-01,-1.825476000172944480e-01,-1.606574477004494295e-01,-1.422945081727983729e-01,-1.267397456316040338e-01,-1.134454703476846238e-01,-1.019891988411590622e-01,-9.204119023176367265e-02,-8.334127732070265027e-02,-7.568210680205557372e-02,-6.889686078051515672e-02,-6.285015339702743065e-02,-5.743120544656442339e-02,-5.254867278597485231e-02,-4.812668882345043364e-02,-4.410180769294676228e-02,-4.042062224817767613e-02,-3.703789237102361048e-02,-3.391506257690830861e-02,-3.101907904283626380e-02,-2.832143870747007991e-02,-2.579741953548722599e-02,-2.342545314865237746e-02,-2.118661001996582569e-02,-1.906417415941915119e-02,-1.704328929602290724e-02,-1.511066241424783956e-02,-1.325431344623498320e-02,-1.146336218113986477e-02,-9.727845195944655188e-03,-8.038556960351028388e-03,-6.386910312522562500e-03,-4.764812309784416215e-03,-3.164552078940450694e-03,-1.578697761787304895e-03,0.000000000000000000e+00
0.000000000000000000e+00,-9.705581287725137569e-04,-1.945494990884051763e-03,-2.929241208228560225e-03,-3.926335096137920089e-03,-4.941479534485097164e-03,-5.979602588463426086e-03,-7.045923339310186662e-03,-8.146024579941488902e-03,-9.285934293107441992e-03,-1.047221817511542925e-02,-1.171208591667664486e-02,-1.301351453116082052e-02,-1.438539276603454514e-02,-1.583769159445302943e-02,-1.738166702692361953e-02,-1.903010309711565540e-02,-2.079760498314205813e-02,-2.270095499334575176e-02,-2.475954780543215827e-02,-2.699592622256059837e-02,-2.943644525462470879e-02,-3.211210119323688883e-02,-3.505957445206452083e-02,-3.832255163426553229e-02,-4.195341553680110441e-02,-4.601542453086093082e-02,-5.058554935805873592e-02,-5.575820253067749477e-02,-6.165019351599219238e-02,-6.840738782258083683e-02,-7.621376556199259411e-02,-8.530390629417523851e-02,-9.598043969476395543e-02,-1.086388089223989939e-01,-1.238029879438978104e-01,-1.421779085839114942e-01,-1.647278715603689436e-01,-1.927961579318102636e-01,-2.282911081268028941e-01,-2.739802330601736613e-01,-3.339552700294505239e-01,-4.143283829857284384e-01,-5.240006191448102202e-01,-6.738456087306866626e-01,-8.643073962712118918e-01,-1.007549508476150102e+00,-1.068754371549910598e+00,-1.110661354807550349e+00,-1.132172466292897361e+00,-1.134385697962130735e+00,-1.132163594496297998e+00,-1.110643595973136888e+00,-1.068727695136027167e+00,-1.007513868521797695e+00,-8.642627312164946618e-01,-6.737918411752058523e-01,-5.239376555420949266e-01,-4.142561132712083705e-01,-3.338735671790313275e-01,-2.738889525757751131e-01,-2.281900874447004290e-01,-1.926852157488282424e-01,-1.646068070723719079e-01,-1.420465006300840882e-01,-1.236609940495746879e-01,-1.084859642320554901e-01,-9.581645578587462408e-02,-8.512846986132201199e-02,-7.602653695926338273e-02,-6.820799945088124039e-02,-6.143824804012015806e-02,-5.553327090913363906e-02,-5.034716866642724442e-02,-4.576309555718357375e-02,-4.168660012458455522e-02,-3.804066974567345272e-02,-3.476200092029143457e-02,-3.179816212898079614e-02,-2.910541406700786760e-02,-2.664701920948153030e-02,-2.439191926231071283e-02,-2.231369178220567184e-02,-2.038972049591986774e-02,-1.860053053779437901e-02,-1.692925192631417400e-02,-1.536118345897216630e-02,-1.388343574728299890e-02,-1.248463698621127965e-02,-1.115468870918449873e-02,-9.884561544212973339e-03,-8.666123089846313951e-03,-7.491991639021859661e-03,-6.355410716013054975e-03,-5.250140345943680314e-03,-4.170361713394759966e-03,-3.110592435225079631e-03,-2.065610108869337866e-03,-1.030382127791820354e-03,0.000000000000000000e+00
0.000000000000000000e+00,-4.476568876039268251e-04,-8.975489413494907275e-04,-1.351938272289962724e-03,-1.813141488883791841e-03,-2.283558484243502704e-03,-2.765703132361421734e-03,-3.262236637777051612e-03,-3.776004383311461904e-03,-4.310077255717222403e-03,-4.867798607089725282e-03,-5.452838241287553955e-03,-6.069255113529299639e-03,-6.721570816968242684e-03,-7.414856428031649238e-03,-8.154835927393945527e-03,-8.948010252783373392e-03,-9.801807137888897403e-03,-1.072476333708986818e-02,-1.172674775194552932e-02,-1.281923653468491908e-02,-1.401565469014934978e-02,-1.533180337854288255e-02,-1.678639853835636742e-02,-1.840175533253385343e-02,-2.020466534903304218e-02,-2.222753106688631075e-02,-2.450984726148561221e-02,-2.710015549260615803e-02,-3.005865138662987268e-02,-3.346070423446579484e-02,-3.740166916107057898e-02,-4.200355779444137072e-02,-4.742442408026820155e-02,-5.387178636018057076e-02,-6.162216665973191398e-02,-7.105010859414714885e-02,-8.267228280981440969e-02,-9.721647996311158502e-02,-1.157338658977682261e-01,-1.397929304925576988e-01,-1.718489168995897265e-01,-2.160625338878466306e-01,-2.805091758351953013e-01,-3.844286338601215491e-01,-5.858310207221342214e-01,-5.321011766820856748e-01,-5.375200573144895966e-01,-5.517289475349719252e-01,-5.612444004690630983e-01,-5.635893262697193595e-01,-5.612408147839392791e-01,-5.517217686122726228e-01,-5.375092700175033711e-01,-5.320867582259066753e-01,-5.858129405772078968e-01,-3.844068536225445087e-01,-2.804836490627668488e-01,-2.160332059006724037e-01,-1.718157245437258729e-01,-1.397558018648835942e-01,-1.156927200299997377e-01,-9.717122646246689754e-02,-8.262282145354502005e-02,-7.099632887468815268e-02,-6.156394727681313572e-02,-5.380899465572130946e-02,-4.735691541137877769e-02,-4.193117483922495503e-02,-3.732424115124224201e-02,-3.337804610806672373e-02,-2.997056285327249353e-02,-2.700642000271012005e-02,-2.441023086992375607e-02,-2.212178118021421169e-02,-2.009250934412003253e-02,-1.828289903284437135e-02,-1.666052453233330538e-02,-1.519856916253753409e-02,-1.387469061599547193e-02,-1.267014353936203597e-02,-1.156909484370440694e-02,-1.055808480893106679e-02,-9.625599475165339675e-03,-8.761728697060516824e-03,-7.957890653248044649e-03,-7.206608283155668815e-03,-6.501326568621006163e-03,-5.836262135813872348e-03,-5.206278567718158889e-03,-4.606782261195587966e-03,-4.033634758637220236e-03,-3.483078321097525867e-03,-2.951672151922397208e-03,-2.436237174347410592e-03,-1.933807647853946765e-03,-1.441588201840128536e-03,-9.569150902251485555e-04,-4.772206409327456669e-04,0.000000000000000000e+00
0.000000000000000000e+00,7.748087717517624165e-05,1.548970980633549398e-04,2.321826131065690343e-04,3.092713066119284065e-04,3.860969671041656823e-04,4.625932601173658731e-04,5.386937042160463984e-04,6.143316509991079977e-04,6.894402698202819341e-04,7.639525379161439533e-04,8.378012365996972965e-04,9.109189541157275416e-04,9.832380957149923495e-04,1.054690901442292827e-03,1.125209472061482197e-03,1.194725803493196237e-03,1.263171830045463351e-03,1.330479476651432597e-03,1.396580720261671182e-03,1.461407660430062705e-03,1.524892599066851595e-03,1.586968129239571534e-03,1.647567232811522620e-03,1.706623386624195327e-03,1.764070676833762175e-03,1.819843920931527026e-03,1.873878796895822596e-03,1.926111978824834869e-03,1.976481278328709457e-03,2.024925790913324752e-03,2.071386046452808327e-03,2.115804162851342429e-03,2.158124001920211366e-03,2.198291326405837909e-03,2.236253957170475370e-03,2.271961929332932950e-03,2.305367646357123212e-03,2.336426030912289176e-03,2.365094671370401858e-03,2.391333962889485854e-03,2.415107241967445750e-03,2.436380913413416227e-03,2.455124568766925419e-03,2.471311095226386145e-03,2.484916774174450449e-03,2.495921368562969977e-03,2.504308198404692209e-03,2.510064203809642125e-03,2.513179995000669464e-03,2.513649888940400201e-03,2.511471932239994764e-03,2.506647910287262970e-03,2.499183342337396585e-03,2.489087462819589147e-03,2.476373188921993096e-03,2.461057074770733877e-03,2.443159252640131340e-03,2.422703361641687092e-03,2.399716464561441054e-03,2.374228953501422712e-03,2.346274445175211554e-03,2.315889666629558641e-03,2.283114332448515915e-03,2.247991014319578040e-03,2.210565004080733420e-03,2.170884171278850139e-03,2.128998816339211508e-03,2.084961520480710373e-03,2.038826993467843240e-03,1.990651920305390454e-03,1.940494807961719304e-03,1.888415833165880964e-03,1.834476692301120759e-03,1.778740454349767020e-03,1.721271417801963077e-03,1.662134972357440232e-03,1.601397466226110733e-03,1.539126079673665271e-03,1.475388705481778251e-03,1.410253836828592733e-03,1.343790463014492287e-03,1.276067973444722919e-03,1.207156070083537092e-03,1.137124688581955118e-03,1.066043928168915883e-03,9.939839902902043722e-04,9.210151259296701920e-04,8.472075914253869577e-04,7.726316125439627869e-04,6.973573564818865561e-04,6.214549114025129384e-04,5.449942730433466470e-04,4.680453378654025887e-04,3.906779021682800501e-04,3.129616665355000257e-04,2.349662449333466893e-04,1.567611777457964331e-04,7.841594799935943348e-05,0.000000000000000000e+00
0.000000000000000000e+00,6.026887269463426268e-04,1.207483332746361361e-03,1.816513856546693451e-03,2.431964701008534208e-03,3.056103359461485001e-03,3.691311056935745252e-03,4.340116051111892262e-03,5.005230439339902401e-03,5.689591453038799970e-03,6.396408398719449079e-03,7.129216636185802675e-03,7.891940283296858261e-03,8.688965722202478259e-03,9.525228479824281169e-03,1.040631670032928641e-02,1.133859526651799510e-02,1.232935572497871266e-02,1.338699861517037015e-02,1.452125671864068143e-02,1.574347030372340306e-02,1.706692888711093536e-02,1.850729871442132607e-02,2.008316157869373397e-02,2.181669947930956616e-02,2.373457205170296375e-02,2.586905127802217180e-02,2.825950315136181723e-02,3.095434243576868083e-02,3.401364023206641940e-02,3.751264386937618045e-02,4.154658937653363249e-02,4.623737245938730478e-02,5.174293462821555334e-02,5.827068559112816293e-02,6.609704285746517693e-02,7.559644995698902581e-02,8.728548219064796720e-02,1.018918399122333007e-01,1.204666039998723154e-01,1.445781849869539337e-01,1.766817525705680625e-01,2.209379482099906034e-01,2.854221053564792165e-01,3.893739608037023459e-01,5.908035797860360372e-01,5.370957620143279598e-01,5.425314296398364711e-01,5.567518414082255340e-01,5.662735316288233234e-01,5.686193990656722708e-01,5.662665296501772083e-01,5.567378295588641945e-01,5.425103921122310657e-01,5.370676750384335563e-01,5.907684115581193218e-01,3.893316713903561821e-01,2.853726465728099182e-01,2.208812634707825462e-01,1.766177767128715437e-01,1.445068440623260841e-01,1.203878150341092246e-01,1.018055106301249402e-01,8.719151070290045991e-02,7.549472440603575973e-02,6.598744101848560972e-02,5.815307442397568694e-02,5.161716977554985097e-02,4.610329768556763186e-02,4.140403594117981340e-02,3.736142982874429003e-02,3.385356966050141747e-02,3.078520455849359516e-02,2.808107137880488935e-02,2.568108213060228684e-02,2.353680396257901847e-02,2.160885146103123933e-02,1.986493173780981558e-02,1.827836259608080910e-02,1.682693762927820608e-02,1.549204857793310547e-02,1.425800043109532941e-02,1.311147233842326065e-02,1.204108982630000546e-02,1.103708269431470310e-02,1.009100938448000487e-02,9.195533295423049397e-03,8.344239958794127249e-03,7.531486553072428564e-03,6.752277144515730217e-03,6.002158488620408516e-03,5.277132321307919857e-03,4.573580905788653117e-03,3.888203243072397078e-03,3.217959848424720506e-03,2.560024377284346279e-03,1.911740677845502265e-03,1.270584072477604597e-03,6.341258404288783231e-04,0.000000000000000000e+00
0.000000000000000000e+00,1.125800188244482219e-03,2.255849899225538958e-03,3.394447765376414246e-03,4.545999973800925534e-03,5.715077074880544304e-03,6.906474545516046518e-03,8.125278568855802408e-03,9.376938687034961500e-03,1.066734924600365626e-02,1.200294189691408601e-02,1.339079186693731618e-02,1.483874129103515682e-02,1.635554364158272114e-02,1.795103425381808920e-02,1.963633318792295732e-02,2.142408828254829464e-02,2.332876836170063098e-02,2.536701932449522690e-02,2.755809950685155288e-02,2.992441557891131060e-02,3.249218678630805962e-02,3.529227420360613737e-02,3.836122377110472159e-02,4.174258857619211893e-02,4.548861908823965267e-02,4.966244278531515427e-02,5.434090121125313699e-02,5.961827965005571384e-02,6.561126259621401224e-02,7.246559313721974427e-02,8.036513181991673804e-02,8.954434180718714997e-02,1.003057398611117979e-01,1.130446600286546394e-01,1.282849712855235746e-01,1.467315049026619855e-01,1.693484657943333804e-01,1.974790442716319039e-01,2.330314953694015978e-01,2.787732502489339570e-01,3.387959723676944312e-01,4.192117580081589079e-01,5.289215931295678796e-01,6.787990533327052933e-01,8.692881353558681301e-01,1.012552325130491759e+00,1.073774015247334290e+00,1.115692548700579545e+00,1.137209914607605121e+00,1.139424093467011900e+00,1.137197626017705909e+00,1.115667955929065869e+00,1.073737087060003148e+00,1.012503014548575608e+00,8.692263795017883821e-01,6.787247732221723950e-01,5.288346934081440409e-01,4.191121266297857528e-01,3.386834802122182797e-01,2.786477506750324462e-01,2.328928236986337608e-01,1.973270171987655808e-01,1.691828807182486905e-01,1.465521391713665855e-01,1.280915813479284460e-01,1.128369804847123570e-01,1.000834824009151636e-01,8.930719402829370712e-02,8.011275591087753389e-02,7.219762441376068041e-02,6.532730787475476975e-02,5.931791544137171579e-02,5.402367171487842956e-02,4.932785766286092166e-02,4.513615099097176980e-02,4.137167039910093214e-02,3.797124560208330057e-02,3.488257993224629094e-02,3.206207033218215485e-02,2.947311669382075144e-02,2.708479909943432851e-02,2.487083424848775259e-02,2.280874560107656879e-02,2.087919845737218685e-02,1.906546329393139783e-02,1.735297953618783126e-02,1.572899848875609560e-02,1.418228901748285961e-02,1.270289323389468816e-02,1.128192219689645899e-02,9.911383749645376329e-03,8.584036218699329229e-03,7.293262939587217067e-03,6.032963527070412182e-03,4.797458545340764838e-03,3.581404801893074349e-03,2.379718924881918732e-03,1.187507214112467529e-03,0.000000000000000000e+00
0.000000000000000000e+00,1.644675665222610243e-03,3.295691297543678830e-03,4.959459734883426944e-03,6.642552130735617129e-03,8.351781519898900802e-03,1.009429184208130575e-02,1.187765454390169936e-02,1.370997515826770721e-02,1.560001263518255923e-02,1.755731469062693159e-02,1.959237307847840059e-02,2.171680351240826840e-02,2.394355602092050617e-02,2.628716287697389908e-02,2.876403299486825563e-02,3.139280395399266649e-02,3.419476575796179252e-02,3.719437429594227296e-02,4.041987755309039282e-02,4.390408435253796704e-02,4.768531440807292909e-02,5.180858057923266868e-02,5.632707066528016421e-02,6.130401859995738417e-02,6.681508605333677520e-02,7.295141893602900829e-02,7.982360466212215511e-02,8.756684355942789821e-02,9.634777412796755036e-02,1.063735763419107055e-01,1.179042501043073288e-01,1.312693750470696197e-01,1.468912794937975719e-01,1.653175041821334235e-01,1.872669421836125336e-01,2.136964011584703560e-01,2.458981038772727057e-01,2.856446512782811475e-01,3.354073611474134298e-01,3.986876291014601614e-01,4.805174118270704731e-01,5.881918035760876906e-01,7.322537428491332490e-01,9.276128125566656113e-01,1.194997872884078882e+00,1.570051678516280802e+00,1.624320048738830957e+00,1.695034715074331011e+00,1.727449776190173480e+00,1.714669725460696847e+00,1.727432215742705779e+00,1.694999570940269873e+00,1.624267274362219071e+00,1.569981203868184183e+00,1.194909604226664479e+00,9.275066321253483403e-01,7.321295084499104266e-01,5.880493480944561924e-01,4.803565426440697950e-01,3.985081274114655736e-01,3.352089811714357714e-01,2.854271193654892569e-01,2.456611174863187197e-01,2.134396277090767069e-01,1.869900177674209407e-01,1.650200321205025356e-01,1.465728287284862041e-01,1.309294783480331736e-01,1.175424020767347477e-01,1.059892312124405961e-01,9.594034328746971207e-02,8.713569283687760958e-02,7.936805130089735760e-02,7.247072824033157223e-02,6.630846766836426265e-02,6.077062238472701050e-02,5.576598211180262832e-02,5.121881572560989943e-02,4.706581418629628838e-02,4.325370830382709031e-02,3.973739683462568228e-02,3.647846389245997661e-02,3.344399579976965048e-02,3.060563002919109918e-02,2.793878532766653350e-02,2.542203422555879000e-02,2.303658812694009406e-02,2.076587190921221071e-02,1.859517003619101314e-02,1.651133004211871938e-02,1.450251218710696746e-02,1.255797634442117235e-02,1.066789892282789601e-02,8.823213975407088322e-03,7.015473690286187086e-03,5.236724265982625574e-03,3.479393794536176331e-03,1.736189246448195363e-03,0.000000000000000000e+00
0.000000000000000000e+00,2.157228743853909208e-03,4.322809585146714442e-03,6.505189523636333709e-03,8.713021101354424466e-03,1.095527080185879423e-02,1.324133441368553592e-02,1.558116205566269750e-02,1.798539590887890741e-02,2.046552416684501927e-02,2.303405532690680144e-02,2.570471773634744328e-02,2.849269032125217177e-02,3.141487172554028456e-02,3.449019675207760233e-02,3.774001113479499153e-02,4.118851842412670633e-02,4.486331633163278404e-02,4.879604451595410952e-02,5.302317185958875523e-02,5.758695927629738087e-02,6.253664468350468575e-02,6.792991092254702101e-02,7.383471644798518529e-02,8.033159442940446260e-02,8.751656122500932333e-02,9.550482390689989110e-02,1.044355443414034940e-01,1.144780126341345128e-01,1.258397179815448630e-01,1.387769987828673390e-01,1.536092344908250584e-01,1.707379522373209113e-01,1.906728281792328950e-01,2.140674698194958703e-01,2.417692320654442895e-01,2.748893984401423740e-01,3.149032465085913612e-01,3.637944491521344914e-01,4.242660259207529094e-01,5.000528536443573646e-01,5.963946057403919365e-01,7.207846677438379812e-01,8.842891305333426821e-01,1.104400951461992575e+00,1.413039236936185494e+00,1.883365088879594307e+00,2.158420159872657784e+00,2.312676860820969793e+00,2.362885123792193731e+00,2.264373190261264934e+00,2.362862313638774747e+00,2.312631209707157076e+00,2.158351606080563645e+00,1.883273539571607369e+00,1.412924567839462409e+00,1.104263006443503059e+00,8.841277210616185211e-01,7.205995722327287467e-01,5.961855687689147087e-01,4.998195850456337852e-01,4.240081997318213558e-01,3.635117024150189002e-01,3.145951779116410996e-01,2.745555667870436256e-01,2.414091545575383635e-01,2.136806201351714452e-01,1.902586343320144258e-01,1.702957941918893381e-01,1.531384415136291810e-01,1.382768465009488745e-01,1.253094251199883546e-01,1.139167373987760856e-01,1.038423804092672709e-01,9.487879598208542875e-02,8.685662011243336367e-02,7.963661157269798230e-02,7.310347787096126149e-02,6.716111050582718178e-02,6.172887669889711576e-02,5.673871009132316900e-02,5.213281071280145146e-02,4.786181325025463257e-02,4.388331795730174983e-02,4.016070436546354677e-02,3.666216699363963882e-02,3.335992639765840428e-02,3.022957949239254635e-02,2.724956106479490756e-02,2.440069445816019089e-02,2.166581403791468727e-02,1.902944560522746437e-02,1.647753366918261464e-02,1.399720661449566257e-02,1.157657245341465330e-02,9.204539134277222451e-03,6.870654375144423683e-03,4.564960758669594013e-03,2.277862408408566804e-03,0.000000000000000000e+00
0.000000000000000000e+00,2.661451302392504274e-03,5.333165140510963929e-03,8.025518774240082351e-03,1.074913772011320059e-02,1.351502653229466611e-02,1.633470780823369217e-02,1.922037259250103727e-02,2.218504574984020081e-02,2.524277041162791002e-02,2.840881629639674388e-02,3.169991760206642556e-02,3.513454731437917755e-02,3.873323623802696347e-02,4.251894692034428880e-02,4.651751501635360830e-02,5.075817369005553026e-02,5.527418056237376476e-02,6.010357177230326448e-02,6.529007428018483716e-02,7.088421610621647995e-02,7.694468543969698593e-02,8.354000440326334043e-02,9.075060299408924114e-02,9.867140513346479846e-02,1.074150743322335316e-01,1.171161147337932140e-01,1.279360892021503826e-01,1.400703067600244378e-01,1.537564571796089519e-01,1.692858454261031709e-01,1.870181238682495917e-01,2.074007657845520214e-01,2.309950128369202271e-01,2.585107232284719059e-01,2.908535324846733272e-01,3.291891345592982687e-01,3.750314605319212680e-01,4.303643038696090550e-01,4.978098752705176211e-01,5.808635934659300837e-01,6.842239330703877576e-01,8.142635776726102614e-01,9.797176093957228327e-01,1.192663077454233944e+00,1.469393488009697935e+00,1.826977983671243866e+00,2.248347345469671410e+00,2.469396149443773503e+00,2.582069372816263364e+00,2.617076054047134281e+00,2.582041342428210928e+00,2.469340050399060349e+00,2.248263101101809713e+00,1.826865478656226172e+00,1.469252567973708734e+00,1.192493548445290319e+00,9.795192372146453996e-01,8.140360870574452345e-01,6.839670067270552378e-01,5.805768709365339841e-01,4.974929516291942688e-01,4.300167282341414432e-01,3.746527343776607233e-01,3.287787098198938773e-01,2.904108094220741454e-01,2.580350480522620171e-01,2.304856750505006324e-01,2.068569952327235506e-01,1.864390874576522805e-01,1.686706434862496329e-01,1.531041194282860840e-01,1.393797878323161099e-01,1.272062636972111360e-01,1.163457717277705666e-01,1.066029112991887934e-01,9.781602120884601292e-02,8.985049150687235420e-02,8.259354459340742527e-02,7.595013326665463194e-02,6.983969404191631147e-02,6.419355996566382394e-02,5.895288540093976404e-02,5.406697083396938552e-02,4.949190215852543318e-02,4.518943862894322927e-02,4.112609851760710283e-02,3.727240275052876028e-02,3.360224535346734154e-02,3.009236609706521584e-02,2.672190577809115120e-02,2.347202848049039295e-02,2.032559819542252219e-02,1.726689954571107924e-02,1.428139420833664935e-02,1.135550607238538894e-02,8.476429294802604805e-03,5.631954286777068885e-03,2.810307327978504334e-03,0.000000000000000000e+00
0.000000000000000000e+00,3.155436885392357699e-03,6.322923892559473638e-03,9.514643076278172726e-03,1.274306212917524113e-02,1.602108465303736171e-02,1.936220963317646787e-02,2.278070364976911635e-02,2.629178978781924678e-02,2.991185777927152581e-02,3.365870065502379188e-02,3.755178413880751881e-02,4.161255622871576354e-02,4.586480595057413484e-02,5.033508221543398636e-02,5.505318618268450342e-02,6.005275366679010962e-02,6.537194812200912419e-02,7.105428984985773244e-02,7.714965363576604951e-02,8.371547548322119670e-02,9.081822007559088583e-02,9.853517486243211498e-02,1.069566553211160065e-01,1.161887304467808940e-01,1.263566098478590416e-01,1.376088766393782636e-01,1.501228072337121022e-01,1.641110949691755305e-01,1.798303957398295350e-01,1.975922488564362256e-01,2.177771060881397436e-01,2.408524393774742478e-01,2.673962077251075264e-01,2.981273592452364229e-01,3.339455289680607342e-01,3.759826425735780520e-01,4.256696593878031010e-01,4.848219386139815401e-01,5.557460912910070494e-01,6.413682301964919175e-01,7.453744780468226638e-01,8.723286269203683885e-01,1.027655181624492098e+00,1.217140793376727315e+00,1.444894188591018258e+00,1.706806548586211170e+00,1.973623874843607906e+00,2.169519805183555139e+00,2.313948950518005976e+00,2.474849096697999684e+00,2.313915736581722449e+00,2.169453331712691835e+00,1.973524050488081549e+00,1.706673235935938004e+00,1.444727203710235885e+00,1.216939905176874559e+00,1.027420111070221909e+00,8.720590460618102835e-01,7.450700088696311507e-01,6.410284432795971821e-01,5.553705042601972952e-01,4.844100143775592615e-01,4.252208041384750170e-01,3.754962035384563634e-01,3.334207918861912257e-01,2.975635455493615966e-01,2.667924714012531728e-01,2.402078634726892703e-01,2.170906988328896448e-01,1.968629393640057568e-01,1.790570292403946551e-01,1.632924275309279583e-01,1.492574999175074191e-01,1.366954890267210732e-01,1.253935928744349948e-01,1.151744184652754577e-01,1.058892573073209192e-01,9.741276466766063402e-02,8.963872561587073184e-02,8.247666674143001864e-02,7.584912933655298117e-02,6.968946264843686733e-02,6.394002812645577238e-02,5.855073008875517210e-02,5.347780688297982393e-02,4.868283087807075138e-02,4.413187658081638154e-02,3.979482462658457537e-02,3.564477594822346856e-02,3.165755552903427167e-02,2.781128913206766182e-02,2.408603952258852807e-02,2.046349115560909884e-02,1.692667423153844386e-02,1.345972054116932604e-02,1.004764471069651173e-02,6.676145382384951477e-03,3.331421575361207671e-03,0.000000000000000000e+00
0.000000000000000000e+00,3.637401859908135325e-03,7.288500037742862495e-03,1.096713706513123554e-02,1.468747251943665344e-02,1.846414955576527669e-02,2.231247131614607498e-02,2.624859098674043115e-02,3.028971971121506915e-02,3.445435715077548727e-02,3.876255023571605757e-02,4.323618661519106066e-02,4.789933052766524868e-02,5.277861034425415654e-02,5.790366895855368623e-02,6.330769060981615570e-02,6.902802076080892524e-02,7.510689947455659321e-02,8.159233356168360540e-02,8.853913888218169215e-02,9.601019194500383380e-02,1.040779398256853200e-01,1.128262300238895843e-01,1.223525379924900180e-01,1.327706906906331030e-01,1.442142109172057096e-01,1.568404409547372313e-01,1.708356471224938555e-01,1.864213614321966472e-01,2.038622850269325715e-01,2.234761625100126214e-01,2.456461373251412339e-01,2.708362131838655262e-01,2.996105643605015412e-01,3.326575310686873954e-01,3.708191441009582312e-01,4.151268178593445213e-01,4.668431736776154639e-01,5.275082845299945422e-01,5.989849118867955902e-01,6.834893543662661219e-01,7.835777233584362289e-01,9.020218760599045815e-01,1.041434306277325472e+00,1.203351338441854379e+00,1.386236539508796106e+00,1.581730764247271326e+00,1.769822418411203913e+00,1.921110864849298272e+00,2.029358146315201505e+00,2.089484512571175401e+00,2.029319792602076067e+00,1.921034104651598406e+00,1.769707146009684040e+00,1.581576820620706147e+00,1.386043711798911504e+00,1.203119359232861285e+00,1.041162852683847007e+00,9.017105686155019173e-01,7.832261246951133238e-01,6.830969676734892637e-01,5.985511791365537571e-01,5.270325844522818493e-01,4.663248194683479175e-01,4.145650546001650727e-01,3.702131458675883002e-01,3.320063977013797962e-01,2.989133178667229829e-01,2.700917937395680979e-01,2.448533988367064540e-01,2.226338676943051542e-01,2.029690999615554048e-01,1.854758495221739967e-01,1.698362624229267370e-01,1.557855207815006804e-01,1.431019676693063014e-01,1.315992027982569590e-01,1.211197398939753422e-01,1.115299010625309811e-01,1.027156919433270393e-01,9.457945603341330609e-02,8.703714963503687840e-02,8.001611264920986677e-02,7.345323683900696621e-02,6.729345380363958851e-02,6.148848100994080967e-02,5.599577682478080326e-02,5.077766536312017936e-02,4.580059971938041374e-02,4.103453825416163159e-02,3.645241342669389151e-02,3.202967647549696817e-02,2.774390427137261861e-02,2.357445706493662557e-02,1.950217775419473692e-02,1.550912480585404929e-02,1.157833215396258074e-02,7.693590330374667011e-03,3.839243798599853777e-03,0.000000000000000000e+00
0.000000000000000000e+00,4.105703949204499333e-03,8.226593423932292842e-03,1.237801129620893191e-02,1.657564247347872305e-02,2.083569323246445976e-02,2.517508079232649854e-02,2.961163700963505979e-02,3.416433050467065913e-02,3.885351209455376043e-02,4.370118913764146906e-02,4.873133531675503949e-02,5.397024354636664051e-02,5.944693113232564496e-02,6.519360810719161681e-02,7.124622189215705503e-02,7.764509420184065314e-02,8.443566954137188274e-02,9.166939890978580141e-02,9.940478762353452402e-02,1.077086427613482417e-01,1.166575639157587524e-01,1.263397310903024984e-01,1.368570561436389943e-01,1.483277796492940837e-01,1.608896139370721845e-01,1.747035558888054840e-01,1.899585200603893242e-01,2.068769736840326279e-01,2.257217888095895963e-01,2.468045599399370793e-01,2.704956607536566082e-01,2.972363164247772138e-01,3.275529211137347962e-01,3.620736824836877088e-01,4.015473340492035637e-01,4.468629556030560002e-01,4.990685857696828265e-01,5.593837744309240190e-01,6.291965848296415809e-01,7.100272257945100529e-01,8.034258643487678375e-01,9.107475319988025397e-01,1.032709517531820831e+00,1.168594406689392518e+00,1.314970561675666394e+00,1.464058247536908386e+00,1.602824868188227114e+00,1.715743788695819116e+00,1.792888956551295987e+00,1.824411713214863617e+00,1.792845513763218879e+00,1.715656843354923522e+00,1.602694300567289787e+00,1.463883877549079449e+00,1.314752148274585863e+00,1.168331647061491063e+00,1.032402046073995328e+00,9.103949190727554930e-01,8.030276148014072746e-01,7.095827772316577464e-01,6.287053056281792784e-01,5.588449614720245595e-01,4.984814618732430480e-01,4.462266666405943494e-01,4.008609457094181594e-01,3.613361766613976123e-01,3.267631918892500154e-01,2.963931655965041934e-01,2.695977928821313707e-01,2.458505768563046257e-01,2.247101835357572519e-01,2.058061237052615233e-01,1.888266798837981431e-01,1.735088488130850926e-01,1.596300229495008216e-01,1.470011373557022216e-01,1.354610336252153602e-01,1.248718255677455924e-01,1.151150850861358821e-01,1.060886976557719741e-01,9.770426381406835392e-02,8.988494587159559512e-02,8.256367795041966162e-02,7.568167291901800597e-02,6.918717235097122942e-02,6.303439578325946424e-02,5.718265372814130415e-02,5.159559547309811034e-02,4.624056799494677406e-02,4.108806656930551193e-02,3.611126107844761512e-02,3.128558477260016957e-02,2.658837445194310936e-02,2.199855281241527155e-02,1.749634511971197987e-02,1.306302350704408206e-02,8.680673083813733593e-03,4.331974733535717131e-03,0.000000000000000000e+00
0.000000000000000000e+00,4.558857827502790609e-03,9.134220960981117785e-03,1.374275991622095003e-02,1.840150557166355533e-02,2.312803772740504651e-02,2.794068395984422581e-02,3.285873264493471141e-02,3.790266442192462976e-02,4.309440689517296530e-02,4.845761804386544691e-02,5.401800465357599335e-02,5.980368313163825916e-02,6.584559136022698211e-02,7.217796182621555312e-02,7.883886820560020992e-02,8.587085994581815374e-02,9.332170226919282718e-02,1.012452425185779437e-01,1.097024280014183145e-01,1.187625055945684960e-01,1.285044394907291776e-01,1.390185907341068838e-01,1.504087107108333654e-01,1.627943105494255305e-01,1.763134792974350717e-01,1.911262352971426770e-01,2.074185063226140491e-01,2.254068426696467786e-01,2.453439696445472440e-01,2.675252749127863261e-01,2.922962900544813225e-01,3.200611442022603392e-01,3.512918068741379130e-01,3.865376408225765781e-01,4.264342618465997714e-01,4.717098025661687344e-01,5.231851664613453856e-01,5.817623782093452878e-01,6.483911705929789049e-01,7.239978500355407354e-01,8.093517328985541104e-01,9.048336321950262162e-01,1.010062592014420835e+00,1.123346979896522324e+00,1.240993826911625186e+00,1.356707572354010072e+00,1.461675796016128848e+00,1.546151243906515482e+00,1.602042956711558608e+00,1.622428647942304458e+00,1.601994482303423561e+00,1.546054228533851438e+00,1.461530106348668534e+00,1.356513007850857155e+00,1.240750119161571741e+00,1.123053791729947903e+00,1.009719516379356863e+00,9.044401907879334734e-01,8.089073745382607816e-01,7.235019487665406146e-01,6.478430235019195793e-01,5.811612029358453890e-01,5.225300983816328904e-01,4.709998916248292478e-01,4.256684690084853728e-01,3.857148341131809710e-01,3.504107569727377136e-01,3.191205195475855239e-01,2.912946514177323643e-01,2.664610693872120906e-01,2.442155239946522394e-01,2.242123559761033114e-01,2.061560418511985959e-01,1.897937115112966477e-01,1.749086599241531648e-01,1.613147935971541991e-01,1.488519163254549416e-01,1.373817477649651730e-01,1.267845706225453062e-01,1.169564108828291538e-01,1.078066666280949604e-01,9.925611256133594351e-02,9.123521825027099130e-02,8.368272789587016813e-02,7.654445794241272749e-02,6.977227610764548393e-02,6.332323152401621302e-02,5.715881078101683888e-02,5.124429888553089230e-02,4.554822764521893746e-02,4.004189684850864572e-02,3.469895596690903555e-02,2.949503602834831553e-02,2.440742287680242040e-02,1.941476430338526932e-02,1.449680455604268267e-02,9.634140548091620071e-03,4.807994721189162539e-03,0.000000000000000000e+00
0.000000000000000000e+00,4.995547554700028453e-03,1.000874161306402645e-02,1.505739845738597073e-02,2.015970635033408065e-02,2.533441973311611334e-02,3.060106348867818252e-02,3.598015102139386773e-02,4.149342026067399936e-02,4.716409216166971702e-02,5.301715686640141867e-02,5.907969342170250882e-02,6.538122984890314127e-02,7.195415145124037237e-02,7.883416656045581783e-02,8.606084050043465161e-02,9.367821042382228069e-02,1.017354959008038573e-01,1.102879227507865129e-01,1.193976806446992722e-01,1.291350384889219660e-01,1.395796455190686791e-01,1.508220503085707931e-01,1.629654743501556535e-01,1.761278811308547854e-01,1.904443850211214317e-01,2.060700456681047454e-01,2.231830909562512733e-01,2.419886017390347477e-01,2.627226692140990361e-01,2.856569926383174529e-01,3.111038078405011786e-01,3.394209050647705173e-01,3.710162763241997008e-01,4.063515796357613508e-01,4.459430492966681703e-01,4.903576167038254385e-01,5.402006998455767262e-01,5.960902112766355287e-01,6.586086877762419300e-01,7.282220970567850893e-01,8.051504180979045522e-01,8.891735109881251375e-01,9.793610827401217911e-01,1.073737942607313256e+00,1.168951045829182078e+00,1.260103273671177915e+00,1.341020356083457932e+00,1.405143291554210583e+00,1.446703835817783501e+00,1.461266296067935011e+00,1.446650393798398992e+00,1.405036334389172747e+00,1.340859737284812780e+00,1.259888772916540445e+00,1.168682368247721204e+00,1.073414717818679476e+00,9.789828636382891247e-01,8.887397722601199090e-01,8.046605544650593522e-01,7.276754212237768193e-01,6.580044280706295323e-01,5.954275089588358938e-01,5.394786060662591920e-01,4.895750890824452917e-01,4.450989480913177809e-01,4.054446634706148633e-01,3.700451974365526198e-01,3.383842040288950748e-01,3.099999077202965081e-01,2.844841925148701156e-01,2.614791370277175231e-01,2.406723663780554190e-01,2.217920335167312129e-01,2.046018897993457375e-01,1.888966862616837938e-01,1.744980151281326219e-01,1.612506238434915640e-01,1.490191907411626826e-01,1.376855291271906478e-01,1.271461766980666319e-01,1.173103245807748246e-01,1.080980416500710306e-01,9.943875317456425666e-02,9.126993710178261943e-02,8.353600574104690091e-02,7.618734487445290304e-02,6.917948623742525838e-02,6.247239278652253619e-02,5.602983920097365927e-02,4.981887266637804318e-02,4.380934120109527402e-02,3.797347865084201024e-02,3.228553703808452469e-02,2.672145825027643154e-02,2.125857812088993715e-02,1.587535683076420068e-02,1.055113026090289535e-02,5.265877483190666702e-03,0.000000000000000000e+00
0.000000000000000000e+00,5.414635728164446382e-03,1.084787472854803134e-02,1.631849139246195970e-02,2.184563713835004431e-02,2.744903675521359263e-02,3.314919432293828017e-02,3.896761224101178561e-02,4.492702719887157331e-02,5.105166731218476611e-02,5.736753513902663471e-02,6.390272188932372144e-02,7.068775886287731458e-02,7.775601300967451002e-02,8.514413451540152333e-02,9.289256548838681349e-02,1.010461201713598739e-01,1.096546486248441976e-01,1.187737975171967858e-01,1.284658834741522482e-01,1.388008963136696805e-01,1.498576512821442885e-01,1.617251108778144653e-01,1.745038976027233901e-01,1.883080183917038297e-01,2.032668185239210612e-01,2.195271759706119430e-01,2.372559339754148067e-01,2.566425465556206875e-01,2.779018730672396797e-01,3.012769958286882210e-01,3.270418370577713452e-01,3.555032007409430483e-01,3.870016371367067665e-01,4.219101892363793516e-01,4.606295890029511453e-01,5.035777771064224861e-01,5.511706780572962483e-01,6.037899626193249381e-01,6.617321648501438558e-01,7.251323334086546835e-01,7.938552400434186751e-01,8.673498260965781803e-01,9.444712061817267523e-01,1.023293587515843095e+00,1.100970069463873546e+00,1.173735052600835438e+00,1.237159997179335447e+00,1.286698665458149593e+00,1.318363734006282373e+00,1.329283240860566373e+00,1.318305394719406998e+00,1.286581907428361760e+00,1.236984661243143657e+00,1.173500899382385443e+00,1.100676778612528661e+00,1.022940756679992846e+00,9.440583497104942934e-01,8.668763734587872083e-01,7.933205339508558884e-01,7.245356276280919827e-01,6.610726216859131865e-01,6.030666500454282541e-01,5.503825664747493684e-01,5.027237356983269567e-01,4.597083816559148217e-01,4.209204699929620652e-01,3.859419451390224687e-01,3.543719546206325344e-01,3.258373287220728276e-01,2.999973835862710381e-01,2.765451740306817952e-01,2.552066282498766103e-01,2.357385050731726217e-01,2.179257760660047449e-01,2.015788068454628379e-01,1.865305613433978216e-01,1.726339550089427410e-01,1.597594207924041554e-01,1.477927132051866377e-01,1.366329526400990035e-01,1.261908989765607170e-01,1.163874366404684807e-01,1.071522503421646483e-01,9.842267011918878761e-02,9.014266506162738057e-02,8.226196656245043926e-02,7.473530371964993979e-02,6.752173538303188338e-02,6.058406514845415120e-02,5.388832728130230065e-02,4.740333306372601641e-02,4.110026839490251577e-02,3.495233463240705885e-02,2.893442565508148531e-02,2.302283496644986008e-02,1.719498735656759675e-02,1.142919021257049472e-02,5.704400026142756458e-03,0.000000000000000000e+00
0.000000000000000000e+00,5.815169325329877861e-03,1.164971166032189621e-02,1.752316939426226336e-02,2.345546072517472325e-02,2.946707483693854560e-02,3.557927594529047832e-02,4.181431944235455833e-02,4.819568360946483582e-02,5.474832067509354666e-02,6.149893137272818139e-02,6.847626760654243472e-02,7.571146836408146341e-02,8.323843462658105097e-02,9.109424971721034880e-02,9.931965228795069933e-02,1.079595699597212660e-01,1.170637224653854058e-01,1.266873039453254024e-01,1.368917547184601291e-01,1.477456332519711535e-01,1.593255989541420281e-01,1.717175154712542728e-01,1.850176818615698049e-01,1.993341945728229203e-01,2.147884354225231551e-01,2.315166681038224594e-01,2.496717056972531656e-01,2.694245807986200281e-01,2.909661032792116853e-01,3.145081215634691341e-01,3.402842023712427388e-01,3.685492989111442408e-01,3.995777732104660585e-01,4.336588569810468363e-01,4.710882601022814420e-01,5.121541573707117934e-01,5.571152173941117391e-01,6.061677520935137009e-01,6.593986414873825863e-01,7.167208066835677460e-01,7.777893656874205197e-01,8.419003374096987180e-01,9.078813247267898401e-01,9.739961332695181717e-01,1.037901597462049352e+00,1.096707878718371276e+00,1.147186925262860813e+00,1.186128650819778141e+00,1.210770205635190999e+00,1.219198549396232734e+00,1.210707045522462666e+00,1.186002245065020499e+00,1.146997102542077540e+00,1.096454381379905252e+00,1.037584080721897228e+00,9.736141641283699855e-01,9.074343806001750057e-01,8.413878044601675876e-01,7.772105368452405516e-01,7.160748793398810097e-01,6.586847148408684349e-01,6.053848241287136389e-01,5.562621814662916941e-01,5.112297983686586722e-01,4.700912501565965296e-01,4.325877506813407547e-01,3.984310022902143311e-01,3.673251663539218725e-01,3.389808758864614746e-01,3.131236263734671899e-01,2.894983141527116555e-01,2.678712132578170424e-01,2.480303063172421829e-01,2.297846038134898905e-01,2.129628817052839906e-01,1.974121224535578256e-01,1.829958435526218841e-01,1.695924285351375904e-01,1.570935288235223715e-01,1.454025739282120144e-01,1.344334074482428920e-01,1.241090536502451186e-01,1.143606116715671084e-01,1.051262699429083985e-01,9.635043111367279367e-02,8.798293681486603346e-02,7.997838148990571439e-02,7.229550491759037523e-02,6.489665371721539677e-02,5.774730291726714454e-02,5.081562949421007669e-02,4.407213059030683222e-02,3.748927986654435746e-02,3.104121612105192538e-02,2.470345889698090380e-02,1.845264631456303150e-02,1.226629079114976636e-02,6.122548663314359395e-03,0.000000000000000000e+00
0.000000000000000000e+00,6.196382301952796379e-03,1.241272081513750646e-02,1.866913653028080822e-02,2.498611921265044694e-02,3.138471835997976023e-02,3.788674214453201933e-02,4.451496720372211807e-02,5.129336231862301893e-02,5.824732923874215845e-02,6.540396417378412097e-02,7.279234377635690478e-02,8.044383977874255964e-02,8.839246681295641339e-02,9.667526832105076406e-02,1.053327458273335682e-01,1.144093371572710571e-01,1.239539493904520950e-01,1.340205523388399156e-01,1.446688380160373322e-01,1.559649507175166205e-01,1.679822906891581813e-01,1.808023915246459168e-01,1.945158668350778219e-01,2.092234145756616814e-01,2.250368565720837211e-01,2.420801747041855523e-01,2.604904817388878913e-01,2.804188310685648000e-01,3.020307217812459033e-01,3.255060886452288971e-01,3.510384746700589975e-01,3.788329599385426572e-01,4.091022573638460891e-01,4.420601788792302145e-01,4.779114255158405933e-01,5.168363772886184204e-01,5.589692973875524107e-01,6.043682140948035686e-01,6.529748803867884144e-01,7.045639340023268637e-01,7.586821351868652252e-01,8.145818973518369477e-01,8.711586928409880137e-01,9.269090996545850114e-01,9.799333890750747678e-01,1.028009023531516908e+00,1.068752260528360143e+00,1.099859894232252389e+00,1.119390975647106101e+00,1.126034791820031078e+00,1.119323076994794386e+00,1.099724005595941856e+00,1.068548198967391949e+00,1.027736513939531138e+00,9.795920633394200605e-01,9.264984955252835164e-01,8.706782525003154971e-01,8.140309656731666843e-01,7.580599576688887842e-01,7.038696543621505430e-01,6.522075377924981820e-01,6.035267400150492456e-01,5.580525120324405508e-01,5.158429856125853474e-01,4.768400127493424567e-01,4.409092055517879749e-01,4.078700537763300105e-01,3.775177200374636444e-01,3.496382492709426137e-01,3.240187779458792994e-01,3.004540670987452811e-01,2.787504057261353529e-01,2.587276810201346589e-01,2.402202047826155207e-01,2.230767223131389920e-01,2.071599060964783856e-01,1.923455446937571145e-01,1.785215703958399902e-01,1.655870213658023893e-01,1.534510002596202183e-01,1.420316678460197268e-01,1.312552940588643247e-01,1.210553780699981652e-01,1.113718418085454798e-01,1.021502967513869820e-01,9.334138096823638153e-02,8.490016175683681721e-02,7.678559835208945139e-02,6.896005886057511580e-02,6.138888556792964496e-02,5.404000296020086691e-02,4.688356310312202097e-02,3.989162337617512682e-02,3.303785192254951597e-02,2.629725652673929950e-02,1.964593295297376377e-02,1.306082906063054522e-02,6.519521251952567660e-03,0.000000000000000000e+00
0.000000000000000000e+00,6.557695093208629721e-03,1.313574643776852999e-02,1.975466788057080730e-02,2.643532975857515455e-02,3.319914290388515515e-02,4.006824961749647085e-02,4.706572406671868936e-02,5.421578467102047133e-02,6.154402117296612490e-02,6.907763923995335897e-02,7.684572560086333493e-02,8.487953687773014400e-02,9.321281540861352244e-02,1.018821354483332858e-01,1.109272831412945054e-01,1.203916735318145970e-01,1.303228075358545679e-01,1.407727711362580791e-01,1.517987779303406615e-01,1.634637543433117568e-01,1.758369640319800697e-01,1.889946638393511513e-01,2.030207775749826304e-01,2.180075651483622257e-01,2.340562521836921650e-01,2.512775678895238785e-01,2.697921149565993826e-01,2.897304624804334927e-01,3.112328087589303349e-01,3.344480023219483789e-01,3.595316336164403048e-01,3.866428138230449396e-01,4.159391405328142777e-01,4.475692158054812020e-01,4.816619419219271281e-01,5.183116999092213240e-01,5.575584656085392776e-01,5.993620240482746553e-01,6.435698410829758798e-01,6.898790333276851872e-01,7.377944725991888442e-01,7.865875610350292479e-01,8.352635937150347800e-01,8.825493333773533067e-01,9.269149902935390761e-01,9.666437239753775668e-01,9.999543596182283167e-01,1.025168851654848945e+00,1.040900172641023858e+00,1.046227725831577304e+00,1.040827623312656103e+00,1.025023656147165951e+00,9.997363239423375791e-01,9.663525564282664515e-01,9.265503005882347320e-01,8.821106314726816500e-01,8.347502883359492198e-01,7.859989578719219772e-01,7.371297721721261631e-01,6.891373284987744041e-01,6.427501141971838639e-01,5.984631436799382476e-01,5.565791828874887548e-01,5.172506443968408751e-01,4.805176170035694860e-01,4.463399935613638347e-01,4.146232560448713245e-01,3.852383588700651340e-01,3.580365497041371747e-01,3.328600729884008125e-01,3.095496510888782193e-01,2.879495177542379380e-01,2.679106383512170342e-01,2.492926171393031187e-01,2.319646750983013483e-01,2.158059858733719916e-01,2.007055814674963412e-01,1.865619808163951343e-01,1.732826502329289919e-01,1.607833719292064700e-01,1.489875728223244711e-01,1.378256484721750996e-01,1.272343045979999754e-01,1.171559298695631496e-01,1.075380075793459095e-01,9.833256963420701491e-02,8.949569351113587090e-02,8.098704100104699155e-02,7.276943642519988209e-02,6.480848134010619432e-02,5.707220239747835822e-02,4.953072888805028218e-02,4.215599649563003815e-02,3.492147386682722260e-02,2.780190872513543798e-02,2.077309039954372549e-02,1.381162577997294486e-02,6.894725842635337359e-03,0.000000000000000000e+00
0.000000000000000000e+00,6.898711235665008421e-03,1.381800157933634789e-02,2.077859828690623370e-02,2.780156822195368679e-02,3.490849253742907971e-02,4.212164722612566498e-02,4.946419156018951740e-02,5.696036648767635602e-02,6.463570510397798063e-02,7.251725735946015772e-02,8.063383118998976307e-02,8.901625224735204567e-02,9.769764433832260619e-02,1.067137325216271498e-01,1.161031705160199129e-01,1.259078935781448305e-01,1.361734972309719682e-01,1.469496410472265480e-01,1.582904749618317397e-01,1.702550830941251259e-01,1.829079365261382650e-01,1.963193415395686758e-01,2.105658629796445802e-01,2.257306930668256661e-01,2.419039233265878330e-01,2.591826603716967381e-01,2.776709038684451736e-01,2.974790757931745078e-01,3.187230526004343201e-01,3.415225048738592117e-01,3.659982916596618563e-01,3.922685895390975452e-01,4.204433627034561693e-01,4.506167075682323553e-01,4.828565491218775318e-01,5.171911533197147692e-01,5.535919942662032023e-01,5.919527420834335141e-01,6.320646055573402311e-01,6.735890757267299911e-01,7.160303608507514461e-01,7.587114891627697588e-01,8.007600037551326766e-01,8.411108722225154599e-01,8.785347421137318369e-01,9.116977535761505713e-01,9.392538359397073489e-01,9.599622150163640288e-01,9.728143723377359331e-01,9.771495492353309276e-01,9.727372654946951913e-01,9.598078992532708131e-01,9.390221068080444322e-01,9.113883036646965863e-01,8.781471601561687823e-01,8.406446418970630052e-01,8.002145021670757918e-01,7.580859849982795051e-01,7.153240121878755575e-01,6.728009274866303402e-01,6.311935865760450737e-01,5.909976617812645605e-01,5.525515388887288770e-01,5.160638817204689088e-01,4.816408880532517811e-01,4.493109464426435218e-01,4.190456477823180648e-01,3.907769175019908392e-01,3.644105025005722753e-01,3.398362740651399982e-01,3.169358824584023182e-01,2.955882859717239852e-01,2.756736208987253800e-01,2.570758061567254282e-01,2.396842024893659773e-01,2.233945790391664576e-01,2.081095827062644787e-01,1.937388586578095151e-01,1.801989328660165424e-01,1.674129383257560999e-01,1.553102441977137760e-01,1.438260301848885425e-01,1.329008357969685694e-01,1.224801048069277948e-01,1.125137383664715496e-01,1.029556652996023586e-01,9.376343455495773915e-02,8.489783229964435740e-02,7.632252440165619711e-02,6.800372386572350880e-02,5.990988200298358324e-02,5.201140161295386005e-02,4.428037015208438620e-02,3.669031069454758986e-02,2.921594841258259509e-02,2.183299028295758101e-02,1.451791573929149363e-02,7.247776020335657682e-03,0.000000000000000000e+00
0.000000000000000000e+00,7.219211385755159270e-03,1.445905581532456151e-02,2.174030311797865364e-02,2.908404195990893157e-02,3.651184322234961310e-02,4.404592810857040075e-02,5.170934255750280623e-02,5.952613953323117324e-02,6.752157073560620393e-02,7.572228922714403787e-02,8.415656438047046384e-02,9.285451039876607693e-02,1.018483294218369001e-01,1.111725698661131523e-01,1.208644001093432674e-01,1.309638968552476190e-01,1.415143464142719631e-01,1.525625556012223383e-01,1.641591668318357622e-01,1.763589691075322097e-01,1.892211926656831578e-01,2.028097698307707031e-01,2.171935376408850038e-01,2.324463486674741008e-01,2.486470445258242845e-01,2.658792312384443135e-01,2.842307761634910168e-01,3.037929219638487721e-01,3.246588835747648005e-01,3.469217592762339208e-01,3.706715476184318514e-01,3.959910204865578209e-01,4.229501640374902505e-01,4.515988726743850878e-01,4.819575816812672331e-01,5.140055747425449351e-01,5.476668363418304430e-01,5.827935790342881894e-01,6.191480109351051864e-01,6.563835625275149521e-01,6.940276757486062431e-01,7.314693100335398768e-01,7.679553468358784052e-01,8.026007031483716192e-01,8.344166511473575243e-01,8.623600150277944687e-01,8.854023209520327509e-01,9.026131068722870188e-01,9.132468592157310106e-01,9.168201387377231670e-01,9.131652930279895442e-01,9.024498674947873944e-01,8.851571940809779271e-01,8.620326784558526301e-01,8.340066738554505754e-01,8.021075440842792004e-01,7.673783533705150761e-01,7.308077160834129948e-01,6.932805995503443786e-01,6.555500040476645029e-01,6.182268488955801056e-01,5.817835675307747589e-01,5.465666010291987398e-01,5.128136085577623682e-01,4.806722400705013554e-01,4.502183682868277081e-01,4.214725608438817384e-01,3.944142272754302958e-01,3.689933108176577936e-01,3.451396550414806419e-01,3.227703090798433316e-01,3.017950858207303910e-01,2.821206878916961425e-01,2.636536896946702901e-01,2.463026251948640943e-01,2.299793897045775692e-01,2.146001245436827687e-01,2.000857186054789683e-01,1.863620313374675930e-01,1.733599174083789718e-01,1.610151138809324811e-01,1.492680353724468723e-01,1.380635107626733693e-01,1.273504858491447955e-01,1.170817093865544889e-01,1.072134147015492422e-01,9.770500515888114190e-02,8.851874885815831651e-02,7.961948581737565700e-02,7.097434935927318667e-02,6.255250231220811641e-02,5.432488785596010367e-02,4.626399429909829747e-02,3.834363270345563651e-02,3.053872602414562515e-02,2.282510827408801637e-02,1.517933212307327751e-02,7.578483283142699832e-03,0.000000000000000000e+00
0.000000000000000000e+00,7.519145053688021559e-03,1.505881836564763182e-02,2.263967206610862509e-02,3.028265320114819151e-02,3.800915422893157841e-02,4.584116710551347507e-02,5.380144210338799055e-02,6.191365244870533635e-02,7.020256577594725933e-02,7.869422326987526861e-02,8.741612717747480887e-02,9.639743710584741665e-02,1.056691751470193591e-01,1.152644393502492287e-01,1.252186243481164529e-01,1.355696469718635500e-01,1.463581733837284460e-01,1.576278425067597078e-01,1.694254782163167605e-01,1.818012797100494737e-01,1.948089754948215124e-01,2.085059212776464999e-01,2.229531154369170931e-01,2.382150973527833449e-01,2.543596833361810305e-01,2.714574818612012219e-01,2.895811139801427458e-01,3.088040460472504245e-01,3.291989203796979457e-01,3.508352460031682329e-01,3.737762878828964630e-01,3.980749722485507625e-01,4.237686132263704386e-01,4.508722705522357210e-01,4.793705822671396888e-01,5.092079973679670690e-01,5.402774834286395711e-01,5.724080279337576682e-01,6.053516115059027758e-01,6.387708149744388830e-01,6.722288078990518168e-01,7.051840763866081829e-01,7.369927267227355250e-01,7.669213056468292544e-01,7.941725131221255563e-01,8.179247074382045568e-01,8.373837017645202607e-01,8.518424095070517010e-01,8.607411961352555707e-01,8.637202293235480832e-01,8.606552734844556962e-01,8.516704525851400698e-01,8.371254870280335769e-01,8.175798988126697919e-01,7.937406610847540511e-01,7.664018459931347671e-01,7.363849790080825297e-01,7.044872420313205152e-01,6.714419679431892218e-01,6.378929274657250126e-01,6.043815085014694333e-01,5.713444120933954817e-01,5.391189241740513838e-01,5.079529265790728720e-01,4.780172894827527386e-01,4.494188976384184686e-01,4.222131484713535499e-01,3.964152438383225507e-01,3.720099567063143708e-01,3.489597977297184683e-01,3.272116567466952231e-01,3.067020752863360289e-01,2.873613403053488780e-01,2.691165939323623135e-01,2.518941416022801305e-01,2.356211201695271873e-01,2.202266638415594224e-01,2.056426822915902175e-01,1.918043438107154275e-01,1.786503376048674818e-01,1.661229735150163145e-01,1.541681644024808784e-01,1.427353258998918795e-01,1.317772198287346652e-01,1.212497609712494817e-01,1.111118017304477679e-01,1.013249052308133474e-01,9.185311436174449506e-02,8.266272194609931845e-02,7.372204546534764924e-02,6.500120846117547757e-02,5.647192975844752411e-02,4.810732093581365776e-02,3.988169194537476842e-02,3.177036440337355216e-02,2.374949180270429297e-02,1.579588570690309071e-02,7.886846852864823343e-03,0.000000000000000000e+00
0.000000000000000000e+00,7.798620400550508591e-03,1.561751732629572918e-02,2.347707707536566754e-02,3.139795453063851799e-02,3.940120959483063567e-02,4.750844611195589179e-02,5.574195400493407032e-02,6.412485526178265949e-02,7.268125426458985072e-02,8.143639276382629022e-02,9.041680953889409678e-02,9.965050443252651546e-02,1.091671059738055366e-01,1.189980411765373669e-01,1.291767052712992081e-01,1.397386280437822592e-01,1.507216320382437080e-01,1.621659760553443297e-01,1.741144750218165393e-01,1.866125843072536927e-01,1.997084327606539478e-01,2.134527839648737435e-01,2.278988992737889241e-01,2.431022689138298276e-01,2.591201686268753135e-01,2.760109888923379384e-01,2.938332717028375729e-01,3.126443764140726111e-01,3.324986819518618297e-01,3.534452188300079012e-01,3.755246130786914494e-01,3.987652186159184597e-01,4.231783198015218184e-01,4.487523089872786364e-01,4.754457943003187470e-01,5.031796824101677501e-01,5.318284226301068784e-01,5.612108041309444850e-01,5.910809729593232698e-01,6.211206717540918021e-01,6.509340698689896065e-01,6.800468764407560096e-01,7.079116023032908656e-01,7.339207111651995241e-01,7.574288256682552012e-01,7.777840416386674338e-01,7.943668138934130152e-01,8.066330794637847079e-01,8.141567327200286419e-01,8.166657537239212505e-01,8.140665608971555667e-01,8.064526198895511921e-01,7.940958344071152863e-01,7.774221932377971545e-01,7.569756415887335388e-01,7.333756056449505234e-01,7.072738690203682621e-01,6.793156866149347994e-01,6.501084700132504501e-01,6.201995810599294501e-01,5.900631802969943385e-01,5.600949646429789208e-01,5.306130538932424257e-01,5.018631601375906914e-01,4.740263475525064996e-01,4.472280148558466228e-01,4.215470975262834430e-01,3.970248230908066112e-01,3.736726276971705230e-01,3.514790476151531395e-01,3.304155409103552432e-01,3.104412840467833390e-01,2.915070385975113698e-01,2.735582063160589827e-01,2.565371960273075125e-01,2.403852202287758144e-01,2.250436279381687610e-01,2.104548664927556878e-01,1.965631507673871459e-01,1.833149048229005817e-01,1.706590289318795362e-01,1.585470344880775262e-01,1.469330804995359896e-01,1.357739380805152440e-01,1.250289034221019890e-01,1.146596749448452607e-01,1.046302065319121011e-01,9.490654573680606942e-02,8.545666350538608236e-02,7.625028011992220078e-02,6.725869065647943623e-02,5.845459215871083580e-02,4.981191390023638477e-02,4.130565147749949706e-02,3.291170500028509083e-02,2.460672129250720749e-02,1.636793975383739677e-02,8.173041341996060624e-03,0.000000000000000000e+00
0.000000000000000000e+00,8.057892461163626910e-03,1.613567575062946347e-02,2.425333554102238748e-02,3.243109806790425015e-02,4.068955170832952439e-02,4.904977000823047134e-02,5.753343650669647674e-02,6.616297157699185805e-02,7.496166132732137721e-02,8.395378836664507682e-02,9.316476392627225100e-02,1.026212604160437608e-01,1.123513429588662849e-01,1.223845977568870785e-01,1.327522542569075092e-01,1.434872969529781273e-01,1.546245612317146412e-01,1.662008058607661598e-01,1.782547524613971035e-01,1.908270794994965658e-01,2.039603548736144134e-01,2.176988869681799887e-01,2.320884689749765639e-01,2.471759852888566478e-01,2.630088418267284567e-01,2.796341742649765538e-01,2.970977796551864114e-01,3.154427081172098135e-01,3.347074431386239390e-01,3.549235927652292788e-01,3.761130116942756896e-01,3.982842789529887906e-01,4.214284715609531995e-01,4.455142066800447664e-01,4.704819797355175304e-01,4.962379109486256268e-01,5.226471341401115467e-01,5.495272231320104117e-01,5.766422496634674433e-01,6.036982880463938050e-01,6.303413943482497617e-01,6.561592388107766460e-01,6.806875856293689298e-01,7.034226094157196574e-01,7.238395412326857903e-01,7.414173286321625866e-01,7.556679448520037257e-01,7.661678754226092236e-01,7.725884152624435952e-01,7.747210041537675451e-01,7.724941056622691704e-01,7.659791362969441408e-01,7.553845360477386972e-01,7.410388891613516327e-01,7.233655883567956524e-01,7.028525374148768545e-01,6.800206642481112507e-01,6.553946113696147435e-01,6.294780755079116830e-01,6.027351612092404221e-01,5.755780639938876675e-01,5.483605901748807021e-01,5.213765240134320411e-01,4.948616480832936926e-01,4.689982381317686078e-01,4.439210046464445725e-01,4.197236658978206747e-01,3.964655585378404345e-01,3.741778904221672586e-01,3.528694017917686776e-01,3.325313223678802999e-01,3.131415968706530162e-01,2.946684064511553847e-01,2.770730456309426493e-01,2.603122300586903637e-01,2.443399150635584549e-01,2.291087027111601004e-01,2.145709088227651662e-01,2.006793532474205055e-01,1.873879279147864785e-01,1.746519886601091420e-01,1.624286089576972569e-01,1.506767267410204225e-01,1.393572094891206148e-01,1.284328576925449494e-01,1.178683626000547185e-01,1.076302306901536637e-01,9.768668450328611697e-02,8.800754720957428001e-02,7.856411648041249085e-02,6.932903179851816755e-02,6.027613821033114827e-02,5.138034863822263376e-02,4.261750617931157198e-02,3.396424728315720898e-02,2.539786629020403946e-02,1.689618150117592685e-02,8.437402714607239798e-03,0.000000000000000000e+00
0.000000000000000000e+00,8.297350157114179517e-03,1.661408532060537277e-02,2.496966991967053059e-02,3.338377991284145058e-02,4.187640907324808454e-02,5.046797577392010681e-02,5.917943027894476821e-02,6.803236239634793958e-02,7.704910914539914168e-02,8.625286182325771211e-02,9.566777150883773451e-02,1.053190515970701263e-01,1.152330753917008704e-01,1.254374660717219592e-01,1.359611754522508098e-01,1.468345468458799874e-01,1.580893559494779277e-01,1.697588219823592259e-01,1.818775792275200975e-01,1.944815966182975586e-01,2.076080300097878084e-01,2.212949882278072156e-01,2.355811898687078798e-01,2.505054831402966919e-01,2.661061958617967349e-01,2.824202772567351860e-01,2.994821877097472718e-01,3.173224877738006211e-01,3.359660742774513986e-01,3.554300106763429445e-01,3.757209026286718601e-01,3.968317805823169397e-01,4.187384720419038975e-01,4.413954808349662695e-01,4.647314431303833926e-01,4.886443038772400604e-01,5.129964549830199338e-01,5.376101969877845610e-01,5.622640226516529838e-01,5.866903587625014183e-01,6.105755156700226616e-01,6.335626449304014862e-01,6.552584476282588000e-01,6.752441632355077328e-01,6.930909711917697669e-01,7.083793615728969373e-01,7.207213394277823815e-01,7.297836416888170419e-01,7.353096283469248151e-01,7.371373199867858883e-01,7.352112961614195585e-01,7.295868537061074299e-01,7.204258481252976409e-01,7.079847949168450727e-01,6.925968317316576472e-01,6.746498268874770998e-01,6.545631621391609922e-01,6.327655280123243298e-01,6.096755527927868457e-01,5.856864005892451486e-01,5.611547821002078607e-01,5.363942458978541161e-01,5.116722203664572088e-01,4.872100637256585043e-01,4.631853217511990861e-01,4.397354436834876590e-01,4.169623200133854568e-01,3.949371437238675675e-01,3.737052332265702326e-01,3.532905756695814414e-01,3.336999469432267440e-01,3.149265386250960086e-01,2.969530745391083526e-01,2.797544342537779949e-01,2.632998217248407880e-01,2.475545280947732962e-01,2.324813414965576919e-01,2.180416560029606876e-01,2.041963284249198596e-01,1.909063267773519479e-01,1.781332087669299791e-01,1.658394631714517897e-01,1.539887418071724245e-01,1.425460050964604819e-01,1.314776001277448703e-01,1.207512865522078482e-01,1.103362226577923183e-01,1.002029214509617266e-01,9.032318450179123437e-02,8.067001960844802366e-02,7.121754695597676266e-02,6.194089732979089769e-02,5.281610505086190704e-02,4.381999758818551360e-02,3.493008324171361506e-02,2.612443784821892601e-02,1.738159112121112973e-02,8.680412976172604753e-03,0.000000000000000000e+00
0.000000000000000000e+00,8.517502454803064713e-03,1.705377832724358500e-02,2.562766485319709076e-02,3.425818137566189608e-02,4.296462022559716099e-02,5.176663725937457466e-02,6.068434176100499788e-02,6.973838525423060875e-02,7.895004855150129786e-02,8.834132608363169659e-02,9.793500619280663677e-02,1.077547456168311268e-01,1.178251358251482250e-01,1.281717581647556503e-01,1.388212239105883206e-01,1.498011942606667646e-01,1.611403740385251304e-01,1.728684713294386388e-01,1.850161134479824387e-01,1.976147074810481741e-01,2.106962311499227802e-01,2.242929368817011826e-01,2.384369487972350654e-01,2.531597288793667744e-01,2.684913850200029151e-01,2.844597901975349230e-01,3.010894790882283067e-01,3.184002865380527458e-01,3.364056923335321803e-01,3.551108397345818513e-01,3.745102027444989212e-01,3.945848909375050950e-01,4.152996030113136894e-01,4.365992734163895439e-01,4.584055026036004676e-01,4.806129220504264943e-01,5.030857200572493859e-01,5.256546402765621684e-01,5.481148546652584441e-01,5.702251929382241569e-01,5.917092620694305305e-01,6.122589865959152666e-01,6.315410156226821670e-01,6.492062518930838966e-01,6.649024525483167025e-01,6.782894458463358811e-01,6.890560517332786628e-01,6.969373673667922375e-01,7.017307802750288870e-01,7.033089934721480363e-01,7.016285441878884477e-01,6.967327682018981116e-01,6.887488352154985671e-01,6.778792298263351945e-01,6.643887261133293309e-01,6.485883741723998952e-01,6.308182142802480907e-01,6.114303560002705140e-01,5.907737611292058766e-01,5.691816425891600417e-01,5.469619349923902085e-01,5.243908872527656140e-01,5.017095218767410048e-01,4.791225150330233884e-01,4.567989666425771866e-01,4.348745269396065427e-01,4.134543974218278239e-01,3.926168044962241033e-01,3.724166338534579679e-01,3.528889995751092745e-01,3.340525968089716469e-01,3.159127474656689971e-01,2.984640945795273836e-01,2.816929341603914283e-01,2.655791957096534928e-01,2.500980964185370303e-01,2.352215015783394869e-01,2.209190267561658427e-01,2.071589173012182983e-01,1.939087388689820779e-01,1.811359097021506548e-01,1.688081019594533660e-01,1.568935358178306094e-01,1.453611866293188781e-01,1.341809222304966298e-01,1.233235846485581377e-01,1.127610279473103272e-01,1.024661218028655868e-01,9.241272856997588547e-02,8.257566006443745055e-02,7.293061901015944481e-02,6.345412904670323651e-02,5.412345633181976645e-02,4.491652507432981195e-02,3.581182876977509477e-02,2.678833846252902731e-02,1.782540900492184804e-02,8.902684011236870060e-03,0.000000000000000000e+00
0.000000000000000000e+00,8.718964004142577828e-03,1.745599863925537121e-02,2.622922284416576502e-02,3.505690841023418464e-02,4.395755563383978853e-02,5.294996789787463631e-02,6.205332464000027498e-02,7.128725199699115223e-02,8.067189019163593933e-02,9.022795644279216210e-02,9.997680181969081925e-02,1.099404600156926315e-01,1.201416854694644376e-01,1.306039775958410531e-01,1.413515870854783751e-01,1.524094992713322383e-01,1.638033884202322876e-01,1.755595354696873056e-01,1.877047001776921964e-01,2.002659368785277005e-01,2.132703410452911619e-01,2.267447116765732018e-01,2.407151122088627138e-01,2.552063103135595590e-01,2.702410747396949420e-01,2.858393055723082998e-01,3.020169732719764633e-01,3.187848421727116910e-01,3.361469564534648735e-01,3.540988718771656552e-01,3.726256259348877942e-01,3.916994537463266424e-01,4.112772785462596725e-01,4.312980351352160291e-01,4.516799231961965422e-01,4.723177349167583805e-01,4.930804564405328327e-01,5.138094015613732246e-01,5.343171919622250465e-01,5.543879407684214611e-01,5.737790112604560511e-01,5.922246939392312726e-01,6.094420568493766899e-01,6.251390652375273804e-01,6.390248372205959981e-01,6.508216186619959487e-01,6.602777588783238505e-01,6.671807020917041031e-01,6.713688382520166531e-01,6.727410340750544782e-01,6.712628201363560754e-01,6.669685357933571312e-01,6.599591839764797907e-01,6.503962438067847351e-01,6.384921392657578743e-01,6.244983880757106753e-01,6.086926099428723314e-01,5.913655505370828402e-01,5.728091062909114184e-01,5.533060683936266155e-01,5.331220027799251637e-01,5.124993994361183303e-01,4.916539949444565516e-01,4.707730133575067644e-01,4.500149822067944783e-01,4.295107517978298262e-01,4.093653610186473446e-01,3.896604353564852574e-01,3.704568587058043039e-01,3.517975194397603422e-01,3.337099863016859125e-01,3.162090172103152463e-01,2.992988425957838761e-01,2.829751944316343804e-01,2.672270736061867491e-01,2.520382629898612059e-01,2.373886028982975238e-01,2.232550509294402297e-01,2.096125504903560699e-01,1.964347326409098538e-01,1.836944748766088098e-01,1.713643386814277525e-01,1.594169054833951826e-01,1.478250283028139378e-01,1.365620140670871230e-01,1.256017493828360809e-01,1.149187805640535937e-01,1.044883569407406565e-01,9.428644492099767793e-02,8.428971894271197751e-02,7.447553431304851368e-02,6.482188597545625319e-02,5.530735644416041874e-02,4.591105548496865474e-02,3.661255357990586545e-02,2.739181077495680960e-02,1.822910216049651241e-02,9.104940960563820060e-03,0.000000000000000000e+00
0.000000000000000000e+00,8.902440566671283861e-03,1.782217228300889827e-02,2.677651943140690535e-02,3.578293054187070554e-02,4.485903923779070712e-02,5.402272340378450055e-02,6.329216193071271479e-02,7.268588812586154746e-02,8.222283865722662677e-02,9.192239662292604752e-02,1.018044269916521527e-01,1.118893022380262753e-01,1.221979154867125772e-01,1.327516778691817667e-01,1.435724960746370960e-01,1.546827252296169852e-01,1.661050912586292949e-01,1.778625757537931340e-01,1.899782551139758691e-01,2.024750843126654765e-01,2.153756141435869687e-01,2.287016292211096757e-01,2.424736924582660547e-01,2.567105803314931878e-01,2.714285921490700026e-01,2.866407160250191155e-01,3.023556346695823183e-01,3.185765558979796741e-01,3.352998565086971472e-01,3.525135345911175055e-01,3.701954751927863940e-01,3.883115484630949577e-01,4.068135786955053845e-01,4.256372476977758890e-01,4.447000267384770278e-01,4.638992672409024132e-01,4.831106194766177087e-01,5.021869871225390636e-01,5.209582580165978971e-01,5.392320699658097460e-01,5.567958654776562488e-01,5.734204506810781643e-01,5.888651928913157807e-01,6.028848641810302666e-01,6.152379687594488056e-01,6.256961943833664330e-01,6.340544282838729284e-01,6.401406109235538988e-01,6.438246036358212798e-01,6.450252497460506884e-01,6.437149282570069353e-01,6.399211273181585335e-01,6.337248704784970155e-01,6.252561627216133289e-01,6.146869290618028892e-01,6.022221466170686321e-01,5.880899905575994735e-01,5.725318178763945109e-01,5.557927156654229872e-01,5.381131734115878196e-01,5.197222390867124453e-01,5.008323212277159264e-01,4.816356296423844330e-01,4.623021202841953170e-01,4.429787290274505018e-01,4.237896404691984253e-01,4.048373329013904010e-01,3.862041591152255426e-01,3.679542551706660447e-01,3.501356078755135104e-01,3.327821507993480310e-01,3.159157945702359416e-01,2.995483280206667764e-01,2.836831517562640737e-01,2.683168250259357901e-01,2.534404209583013823e-01,2.390406950995085933e-01,2.251010785958491300e-01,2.116025111139128723e-01,1.985241303814298808e-01,1.858438356411493686e-01,1.735387417948451583e-01,1.615855399223803668e-01,1.499607784472564986e-01,1.386410776660687849e-01,1.276032887878822686e-01,1.168246071200352010e-01,1.062826476366967310e-01,9.595548990052596428e-02,8.582169818537369044e-02,7.586032166843480196e-02,6.605087871669153288e-02,5.637332857448128232e-02,4.680803315465997122e-02,3.733571113288098459e-02,2.793738613133948251e-02,1.859433044429440948e-02,9.288005493542045993e-03,0.000000000000000000e+00
0.000000000000000000e+00,9.068714509355153830e-03,1.815387819006518411e-02,2.727195870925178817e-02,3.643952043065281504e-02,4.567327107801656683e-02,5.499010623424772926e-02,6.440715077524672427e-02,7.394179617705277929e-02,8.361173242654576510e-02,9.343497300435708863e-02,1.034298710876652566e-01,1.136151247333493652e-01,1.240097683411983953e-01,1.346331471551230341e-01,1.455048709308958410e-01,1.566447421765598536e-01,1.680726535542185762e-01,1.798084481220664221e-01,1.918717351036508256e-01,2.042816528188906855e-01,2.170565693357371650e-01,2.302137103615663760e-01,2.437687029777329817e-01,2.577350231551039372e-01,2.721233347465026320e-01,2.869407080650452357e-01,3.021897075239118879e-01,3.178673405047297562e-01,3.339638640829072913e-01,3.504614529735539108e-01,3.673327416051285765e-01,3.845392660842160137e-01,4.020298483641046028e-01,4.197389852862746795e-01,4.375853289856649897e-01,4.554703714041646867e-01,4.732774723623517366e-01,4.908713946444277498e-01,5.080985264169085580e-01,5.247879754205712066e-01,5.407537044541422810e-01,5.557978376968322198e-01,5.697151981522655673e-01,5.822990373307188605e-01,5.933477941153074697e-01,6.026725822239065167e-01,6.101049730411626237e-01,6.155045356289347014e-01,6.187655415830061179e-01,6.198222571547392645e-01,6.186523363085070226e-01,6.152779897385133312e-01,6.097648155845994955e-01,6.022184061059810967e-01,5.927790552877655328e-01,5.816150537079570748e-01,5.689151482446940244e-01,5.548807589543366392e-01,5.397184913103975079e-01,5.236333770272929566e-01,5.068231440553501166e-01,4.894736787995823124e-01,4.717557194433901757e-01,4.538227200925866733e-01,4.358097561904762385e-01,4.178333016832272429e-01,3.999916934936441626e-01,3.823661029801585509e-01,3.650218509234394171e-01,3.480099265876939740e-01,3.313685981091714083e-01,3.151250277178196391e-01,2.992968291195743369e-01,2.838935247230873760e-01,2.689178769437711169e-01,2.543670806741606394e-01,2.402338135529861196e-01,2.265071474005244390e-01,2.131733286489076451e-01,2.002164382877169024e-01,1.876189432117752465e-01,1.753621512713258446e-01,1.634265820831229676e-01,1.517922649958260428e-01,1.404389746880157219e-01,1.293464138382720563e-01,1.184943512322440412e-01,1.078627226207273804e-01,9.743170065289900872e-02,8.718173930156286611e-02,7.709359738307169918e-02,6.714834505631614436e-02,5.732735656084413794e-02,4.761229191879592926e-02,3.798506987242916688e-02,2.842783395149046932e-02,1.892291325559733103e-02,9.452779289698814980e-03,0.000000000000000000e+00
0.000000000000000000e+00,9.218630604143520160e-03,1.845281959432683305e-02,2.771812991802190609e-02,3.703019504831882303e-02,4.640475224953197891e-02,5.585767330876809100e-02,6.540499172003673423e-02,7.506292515816197219e-02,8.484789188730997023e-02,9.477651950977740436e-02,1.048656441707180587e-01,1.151322979894612297e-01,1.255936820839065049e-01,1.362671220877386125e-01,1.471700025288730229e-01,1.583196758420280237e-01,1.697333411328502961e-01,1.814278871054087194e-01,1.934196928270902061e-01,2.057243792639418811e-01,2.183565038193281127e-01,2.313291895129311326e-01,2.446536800340477769e-01,2.583388118120536481e-01,2.723903946238986351e-01,2.868104933013851943e-01,3.015966050530869413e-01,3.167407300640684986e-01,3.322283377046454378e-01,3.480372372075238308e-01,3.641363703844142652e-01,3.804845550993080083e-01,3.970292218942895190e-01,4.137052022114761640e-01,4.304336445126004107e-01,4.471211531620767343e-01,4.636592624220380321e-01,4.799243717445418889e-01,4.957782754138415626e-01,5.110694156037209890e-01,5.256349690664248175e-01,5.393038405741629182e-01,5.519005791252513671e-01,5.632501567918550833e-01,5.731834596613832877e-01,5.815432445750375878e-01,5.881902270567429536e-01,5.930088999089875301e-01,5.959126528682521240e-01,5.968477820563590219e-01,5.957960473862615736e-01,5.927755513867871695e-01,5.878398601224998909e-01,5.810754455311835098e-01,5.725976757131132633e-01,5.625456950122571520e-01,5.510766051516658992e-01,5.383593770290142633e-01,5.245688936942839442e-01,5.098804591148718979e-01,4.944650190230725495e-01,4.784852443922649190e-01,4.620925376631395687e-01,4.454249457061286721e-01,4.286059063972084693e-01,4.117437185885680084e-01,3.949316064071148880e-01,3.782482448257328822e-01,3.617586203198330241e-01,3.455151142583504087e-01,3.295587141608274373e-01,3.139202765164946785e-01,2.986217827190542629e-01,2.836775457185319871e-01,2.690953386701270822e-01,2.548774280061241737e-01,2.410215020685665122e-01,2.275214929686325549e-01,2.143682940067277443e-01,2.015503781358494451e-01,1.890543249030702810e-01,1.768652643473083708e-01,1.649672467090045891e-01,1.533435467169722566e-01,1.419769108154974868e-01,1.308497551001353565e-01,1.199443210319584702e-01,1.092427952609656416e-01,9.872739915396774868e-02,8.838045291966671602e-02,7.818441857188973554e-02,6.812192538100715622e-02,5.817578093785782944e-02,4.832897049462177297e-02,3.856464685127880543e-02,2.886611272138447579e-02,1.921679723317925442e-02,9.600227997598301949e-03,0.000000000000000000e+00
0.000000000000000000e+00,9.353082335244962409e-03,1.872079648305568014e-02,2.811776571272258524e-02,3.755865927831383150e-02,4.705821319072407694e-02,5.663124819514305658e-02,6.629268386824492543e-02,7.605754761411163967e-02,8.594097716500283257e-02,9.595821498040819908e-02,1.061245926831054787e-01,1.164555033722203259e-01,1.269663593091220066e-01,1.376725320822889675e-01,1.485892719236114046e-01,1.597316023757698877e-01,1.711141860069175236e-01,1.827511563496720115e-01,1.946559107286454371e-01,2.068408581672887547e-01,2.193171161765728183e-01,2.320941499876940928e-01,2.451793477812685140e-01,2.585775257929463500e-01,2.722903579732037227e-01,2.863157263087970361e-01,3.006469901636558140e-01,3.152721762787993875e-01,3.301730956051600607e-01,3.453243991409270519e-01,3.606925925739514205e-01,3.762350388676932722e-01,3.918989889006856409e-01,4.076206925674795145e-01,4.233246557466792681e-01,4.389231212051543096e-01,4.543158623312006372e-01,4.693903855811209502e-01,4.840226382801168792e-01,4.980783103284875946e-01,5.114147989748463186e-01,5.238838733645353463e-01,5.353350296310532830e-01,5.456194694572020776e-01,5.545945693882599059e-01,5.621286414539276022e-01,5.681057267175977366e-01,5.724301220649801181e-01,5.750303259218890739e-01,5.758621068767650897e-01,5.749104519703140959e-01,5.721902346519959215e-01,5.677455465814265079e-01,5.616477490954342455e-01,5.539924043399535591e-01,5.448953293031179035e-01,5.344880687728377211e-01,5.229131015277860284e-01,5.103190794485531478e-01,4.968563579290886656e-01,4.826730170303618062e-01,4.679115060925694292e-01,4.527059788777005322e-01,4.371803284731892725e-01,4.214468852468946647e-01,4.056057086900864972e-01,3.897443845957124786e-01,3.739382309293653450e-01,3.582508165065750871e-01,3.427347035818350540e-01,3.274323362782919911e-01,3.123770094505210482e-01,2.975938655704027380e-01,2.831008795240951281e-01,2.689098021796169080e-01,2.550270429225332536e-01,2.414544789862611285e-01,2.281901854013939634e-01,2.152290839229783204e-01,2.025635125767499267e-01,1.901837197160892445e-01,1.780782879117043804e-01,1.662344937945889056e-01,1.546386103011723467e-01,1.432761577610255077e-01,1.321321100285481887e-01,1.211910614736350783e-01,1.104373601750437695e-01,9.985521215015165375e-02,8.942876093885110400e-02,7.914214636000770076e-02,6.897954579092509253e-02,5.892520089256802346e-02,4.896343232068636753e-02,3.907864462740311129e-02,2.925532326932673080e-02,1.947802539575396036e-02,9.731365892352595096e-03,0.000000000000000000e+00
0.000000000000000000e+00,9.472998877661160597e-03,1.895967942782886273e-02,2.847370259626837846e-02,3.802875258149132631e-02,4.763854609937862722e-02,5.731683869230837919e-02,6.707742696047946929e-02,7.693414547379269497e-02,8.690085697149310673e-02,9.699143427282153063e-02,1.072197321044781465e-01,1.175995467996280575e-01,1.281445615392577675e-01,1.388682744922426215e-01,1.497839068699646503e-01,1.609042875522919969e-01,1.722417105758948519e-01,1.838077614205373134e-01,1.956131077085424552e-01,2.076672496806471757e-01,2.199782256725817675e-01,2.325522678490615225e-01,2.453934037289998704e-01,2.585029996485482817e-01,2.718792433657720164e-01,2.855165646385069422e-01,2.994049949447230574e-01,3.135294707087678545e-01,3.278690885866971660e-01,3.423963266633027747e-01,3.570762518818664799e-01,3.718657416328491894e-01,3.867127559990554686e-01,4.015557063300205787e-01,4.163229749894218901e-01,4.309326493877199682e-01,4.452925395689536492e-01,4.593005511708660449e-01,4.728454828334168747e-01,4.858083073921741213e-01,4.980639780276172046e-01,5.094837731527092073e-01,5.199381574628745284e-01,5.293000929282751787e-01,5.374486859220277690e-01,5.442730101069696014e-01,5.496759052932868039e-01,5.535775267300844238e-01,5.559184129099803418e-01,5.566618566003895818e-01,5.557954040172931043e-01,5.533313677354391169e-01,5.493063135504402394e-01,5.437795610763219711e-01,5.368308124835703410e-01,5.285570844608834529e-01,5.190691586859554896e-01,5.084877827251566007e-01,4.969398468979979722e-01,4.845547368929684073e-01,4.714610225110280051e-01,4.577835963419747412e-01,4.436413285926077976e-01,4.291452606413363458e-01,4.143973235356313567e-01,3.994895402599797918e-01,3.845036524365327835e-01,3.695111023820423779e-01,3.545732987005117409e-01,3.397420961412482288e-01,3.250604266086991601e-01,3.105630264788783457e-01,2.962772145482790442e-01,2.822236841164256771e-01,2.684172812746415393e-01,2.548677490789336142e-01,2.415804237535026933e-01,2.285568743710195694e-01,2.157954816460272707e-01,2.032919546722405379e-01,1.910397867729155263e-01,1.790306532618319291e-01,1.672547549705616921e-01,1.557011120115105729e-01,1.443578125247344524e-01,1.332122211904654130e-01,1.222511521524166228e-01,1.114610107473582717e-01,1.008279081189402404e-01,9.033775244191673270e-02,7.997632012132240009e-02,6.972930997717199930e-02,5.958238309077814460e-02,4.952119068150082071e-02,3.953139210733942061e-02,2.959866484175590479e-02,1.970870807351934179e-02,9.847241406320594859e-03,0.000000000000000000e+00
0.000000000000000000e+00,9.579332873092070294e-03,1.917138504559169274e-02,2.878884388703704250e-02,3.844439920962515467e-02,4.815074205932572127e-02,5.792056047904819288e-02,6.776653111579741817e-02,7.770130544137879292e-02,8.773748922772815761e-02,9.788761376341775788e-02,1.081640971178656208e-01,1.185791935555367826e-01,1.291449289764598773e-01,1.398730200157173864e-01,1.507747741796310048e-01,1.618609681394151956e-01,1.731417010575578286e-01,1.846262196062589678e-01,1.963227111756746246e-01,2.082380616944940477e-01,2.203775745377939688e-01,2.327446472285433221e-01,2.453404031122954077e-01,2.581632759738679561e-01,2.712085467554336549e-01,2.844678332214671257e-01,2.979285356952757202e-01,3.115732449583867858e-01,3.253791221358172669e-01,3.393172649318021983e-01,3.533520799207197083e-01,3.674406866410123707e-01,3.815323857733420310e-01,3.955682303446463322e-01,4.094807451427494027e-01,4.231938446085350969e-01,4.366230024572220758e-01,4.496757260769954634e-01,4.622523842086941892e-01,4.742474264553516172e-01,4.855510170252473889e-01,4.960510825345451069e-01,5.056357452358885007e-01,5.141960802482349324e-01,5.216291008774712745e-01,5.278408435557025991e-01,5.327493975441849328e-01,5.362877086487315426e-01,5.384059843974702275e-01,5.390735425650694523e-01,5.382799756367259159e-01,5.360355484565377804e-01,5.323708003668248256e-01,5.273353805310314613e-01,5.209961991947605897e-01,5.134350222908128369e-01,5.047456675033104023e-01,4.950309743401662965e-01,4.843997189642301193e-01,4.729636286372558285e-01,4.608346242479296473e-01,4.481223868334992533e-01,4.349323095188292743e-01,4.213638635055432236e-01,4.075093782842627577e-01,3.934532136652957313e-01,3.792712850780475820e-01,3.650308936344517363e-01,3.507908079072650787e-01,3.366015441707125855e-01,3.225057948356276905e-01,3.085389598935913691e-01,2.947297424276862365e-01,2.811007759079952595e-01,2.676692575236078175e-01,2.544475678461569079e-01,2.414438624603249817e-01,2.286626257386810412e-01,2.161051806703661038e-01,2.037701516202383156e-01,1.916538791750517223e-01,1.797507879200293535e-01,1.680537091808638195e-01,1.565541615566241329e-01,1.452425925436689191e-01,1.341085847838868750e-01,1.231410305250933007e-01,1.123282778087697775e-01,1.016582517417423809e-01,9.111855399612030226e-02,8.069654344055426920e-02,7.037940055401614714e-02,6.015417802433331573e-02,5.000783969708868376e-02,3.992728982276619321e-02,2.989939435542657634e-02,1.991099588738543327e-02,9.948923662848578250e-03,0.000000000000000000e+00
0.000000000000000000e+00,9.673049093972688542e-03,1.935785326845641807e-02,2.906612548130271118e-02,3.880956229956162434e-02,4.859983326878179744e-02,5.844856725835010508e-02,6.836733467498537498e-02,7.836762435125697868e-02,8.846081381011645928e-02,9.865813148080124217e-02,1.089706092975543661e-01,1.194090239527750980e-01,1.299838249040838056e-01,1.407050470555964716e-01,1.515822058549343709e-01,1.626241723793890870e-01,1.738390258410611178e-01,1.852338808397792913e-01,1.968146866576378773e-01,2.085859959494113236e-01,2.205507003753639506e-01,2.327097310907771111e-01,2.450617226013819261e-01,2.576026393742900655e-01,2.703253658241089319e-01,2.832192619403018363e-01,2.962696889486390872e-01,3.094575120607730989e-01,3.227585905948813783e-01,3.361432695454116826e-01,3.495758909874257525e-01,3.630143483945267868e-01,3.764097118083846727e-01,3.897059564878331273e-01,4.028398317237145143e-01,4.157409093390523336e-01,4.283318522965979813e-01,4.405289420322685001e-01,4.522428978572623492e-01,4.633800123800711490e-01,4.738436130172747895e-01,4.835358413448273551e-01,4.923597199300586147e-01,5.002214517094878410e-01,5.070328719739904955e-01,5.127139502156263795e-01,5.171952214270570947e-01,5.204200167908982211e-01,5.223463643465571238e-01,5.229484424140754539e-01,5.222174921037129325e-01,5.201621283959277919e-01,5.168080288652874277e-01,5.121970209741441016e-01,5.063856284507833871e-01,4.994431704226538482e-01,4.914495305245528134e-01,4.824927253935362148e-01,4.726664026125795837e-01,4.620673885114001678e-01,4.507933885694827003e-01,4.389409203590949882e-01,4.266035339625575684e-01,4.138703502228743281e-01,4.008249250753684323e-01,3.875444298908209406e-01,3.740991238782676032e-01,3.605520852040973168e-01,3.469591622084124971e-01,3.333691042961194895e-01,3.198238329828054782e-01,3.063588164089361965e-01,2.930035146942737700e-01,2.797818681945165031e-01,2.667128055814670939e-01,2.538107533617338096e-01,2.410861327568226131e-01,2.285458336629547782e-01,2.161936586383798875e-01,2.040307325277448403e-01,1.920558754606388752e-01,1.802659386086870597e-01,1.686561033167510715e-01,1.572201451055204868e-01,1.459506646391583173e-01,1.348392881213597572e-01,1.238768397775931451e-01,1.130534891443466666e-01,1.023588758542713639e-01,9.178221450872034448e-02,8.131238208981339532e-02,7.093799020100872987e-02,6.064744425217003659e-02,5.042899153267490359e-02,4.027075995176473272e-02,3.016078907453438596e-02,2.008705494842234415e-02,1.003749010130686702e-02,0.000000000000000000e+00
0.000000000000000000e+00,9.755114053918304343e-03,1.952102653538003232e-02,2.930848457146739347e-02,3.912820204555068210e-02,4.899084058857221952e-02,5.890698761450846588e-02,6.888713033340476688e-02,7.894162460678058602e-02,8.908065742607620963e-02,9.931420169657553809e-02,1.096519618990847988e-01,1.201033090826152810e-01,1.306772035177656277e-01,1.413821032183186777e-01,1.522258564257111257e-01,1.632155760579641068e-01,1.743574940648157379e-01,1.856567936213608661e-01,1.971174171546618559e-01,2.087418483575533834e-01,2.205308666321265376e-01,2.324832728581543717e-01,2.445955860397143744e-01,2.568617112907404243e-01,2.692725808231439810e-01,2.818157711437984658e-01,2.944751015869109811e-01,3.072302216308863132e-01,3.200561971763585811e-01,3.329231090644885205e-01,3.457956805157755276e-01,3.586329537340238183e-01,3.713880394392897744e-01,3.840079662758753010e-01,3.964336595078626901e-01,4.086000797052647959e-01,4.204365517193400792e-01,4.318673116081054864e-01,4.428122938096409889e-01,4.531881724077371776e-01,4.629096586587395645e-01,4.718910422512522795e-01,4.800479466764914771e-01,4.872992506925262757e-01,4.935691097197056343e-01,4.987889950040982345e-01,5.028996565760728288e-01,5.058529103260213100e-01,5.076131513807695672e-01,5.081585060983128121e-01,5.074815531383022327e-01,5.055895689001308480e-01,5.025042819055544063e-01,4.982611515484594022e-01,4.929082159194596024e-01,4.865045782474702873e-01,4.791186196401418518e-01,4.708260359391784333e-01,4.617077983680751840e-01,4.518481319447289479e-01,4.413325938216576261e-01,4.302463177161021113e-01,4.186724724463781744e-01,4.066909641963190603e-01,3.943773950357736258e-01,3.818022755280175984e-01,3.690304775792385139e-01,3.561209052323175972e-01,3.431263557437305156e-01,3.300935406450057896e-01,3.170632360857406074e-01,3.040705330459385625e-01,2.911451604719933473e-01,2.783118575731750588e-01,2.655907750348613927e-01,2.529978884695175956e-01,2.405454108279719005e-01,2.282421935964058513e-01,2.160941093326579354e-01,2.041044104186652830e-01,1.922740608269256080e-01,1.806020392424963761e-01,1.690856130860643458e-01,1.577205838924806702e-01,1.465015051587330308e-01,1.354218742299810874e-01,1.244743000827588375e-01,1.136506490267779335e-01,1.029421704119608677e-01,9.233960442139627078e-02,8.183327397516071411e-02,7.141316268162130332e-02,6.106898066543379328e-02,5.079021998558399392e-02,4.056620124047937564e-02,3.038611284632888182e-02,2.023904437426491537e-02,1.011401524404848679e-02,0.000000000000000000e+00
0.000000000000000000e+00,9.826486593793074334e-03,1.966283096040285019e-02,2.951883139255085525e-02,3.940423802797080738e-02,4.932872647725569659e-02,5.930186861612075228e-02,6.933309953324642838e-02,7.943167957197684592e-02,8.960665034030525222e-02,9.986678349061232918e-02,1.102205209911177181e-01,1.206759055284686022e-01,1.312404995999880419e-01,1.419212917809944685e-01,1.527245885952230320e-01,1.636558903848205349e-01,1.747197495832462089e-01,1.859196098552143850e-01,1.972576247012210182e-01,2.087344543523104723e-01,2.203490401290219558e-01,2.320983559355178361e-01,2.439771372367122715e-01,2.559775887548531581e-01,2.680890732534133014e-01,2.802977851772084916e-01,2.925864146066476934e-01,3.049338089652336437e-01,3.173146421759512892e-01,3.296991034478940485e-01,3.420526205049324031e-01,3.543356347119573369e-01,3.665034480251931348e-01,3.785061637466397566e-01,3.902887443972416492e-01,4.017912102905092375e-01,4.129490012145776157e-01,4.236935206522501884e-01,4.339528768809315928e-01,4.436528279131045083e-01,4.527179275675592418e-01,4.610728582597521941e-01,4.686439229272817975e-01,4.753606547432788765e-01,4.811574900852461090e-01,4.859754389880347469e-01,4.897636794395413551e-01,4.924809986593050026e-01,4.940970068668163462e-01,4.945930573897346361e-01,4.939628210034337497e-01,4.922124811502252562e-01,4.893605385580994671e-01,4.854372367388581355e-01,4.804836417170309515e-01,4.745504280978828926e-01,4.676964376240377863e-01,4.599870847136781626e-01,4.514926858398618514e-01,4.422867863921858267e-01,4.324445507918662224e-01,4.220412703925544018e-01,4.111510305138988963e-01,3.998455641917985637e-01,3.881933070568671096e-01,3.762586560509310063e-01,3.641014250209358982e-01,3.517764828485444029e-01,3.393335546861128149e-01,3.268171638914551536e-01,3.142666910802118241e-01,3.017165269819260254e-01,2.891962971207305833e-01,2.767311383953421910e-01,2.643420101043386650e-01,2.520460246068002008e-01,2.398567854392935628e-01,2.277847231963916197e-01,2.158374217390841565e-01,2.040199292773342832e-01,1.923350505629154716e-01,1.807836178306957975e-01,1.693647392591252354e-01,1.580760246106913403e-01,1.469137883915191956e-01,1.358732313682198267e-01,1.249486016305547814e-01,1.141333366191014942e-01,1.034201876734237857e-01,9.280132872042066994e-02,8.226845073323733881e-02,7.181284356400757796e-02,6.142546670137159770e-02,5.109701043637399076e-02,4.081794884599088818e-02,3.057858592837782788e-02,2.036909615271332089e-02,1.017956062280298002e-02,0.000000000000000000e+00
0.000000000000000000e+00,9.888109447303105107e-03,1.978515948136911132e-02,2.970002399296117063e-02,3.964151567428656625e-02,4.961835325168411498e-02,5.963912604359597469e-02,6.971225490501190003e-02,7.984594858110358184e-02,9.004815444735216057e-02,1.003265025632070623e-01,1.106882419139587626e-01,1.211401676647779480e-01,1.316885382064820198e-01,1.423389807406127416e-01,1.530963841394048786e-01,1.639647778335722450e-01,1.749471955389061972e-01,1.860455227450353299e-01,1.972603270722764757e-01,2.085906708734776849e-01,2.200339058374826129e-01,2.315854498611941703e-01,2.432385471208223793e-01,2.549840131116729580e-01,2.668099674589582415e-01,2.787015585431827369e-01,2.906406854372035053e-01,3.026057243087701409e-01,3.145712682739677524e-01,3.265078916404105525e-01,3.383819514702719466e-01,3.501554413023379997e-01,3.617859135396717107e-01,3.732264882359485614e-01,3.844259665645374802e-01,3.953290668716660239e-01,4.058767996356821839e-01,4.160069946397672580e-01,4.256549890378374390e-01,4.347544786796986305e-01,4.432385271382673908e-01,4.510407176146410957e-01,4.580964227658794186e-01,4.643441572000613360e-01,4.697269677898241458e-01,4.741938090563223018e-01,4.777008456618467291e-01,4.802126223845091801e-01,4.817030444282362489e-01,4.821561177530473974e-01,4.815664100353057031e-01,4.799392071482525002e-01,4.772903565369479573e-01,4.736458061133964614e-01,4.690408637814482695e-01,4.635192169817020647e-01,4.571317625713510746e-01,4.499353041856721247e-01,4.419911767077028264e-01,4.333638558078490299e-01,4.241196053014926748e-01,4.143252071734525588e-01,4.040468095248160307e-01,3.933489173974309971e-01,3.822935413004910910e-01,3.709395089966848746e-01,3.593419381822319791e-01,3.475518613815609115e-01,3.356159897498892652e-01,3.235765994624721920e-01,3.114715227901317385e-01,2.993342255781517025e-01,2.871939533969176672e-01,2.750759298593831170e-01,2.630015922682653606e-01,2.509888516653174251e-01,2.390523663467654381e-01,2.272038198629635908e-01,2.154521963525775075e-01,2.038040477190760091e-01,1.922637486117158290e-01,1.808337364152853288e-01,1.695147344871934525e-01,1.583059577205992996e-01,1.472053001774721592e-01,1.362095050476243574e-01,1.253143175715877855e-01,1.145146218385596076e-01,1.038045625559876756e-01,9.317765300284586161e-02,8.262687044030514461e-02,7.214474027490094810e-02,6.172341026189560181e-02,5.135471600971579925e-02,4.103023900775516070e-02,3.074135835554238014e-02,2.047929732607492448e-02,1.023516585369349009e-02,0.000000000000000000e+00
0.000000000000000000e+00,9.940901768581008116e-03,1.988985695021248945e-02,2.985484596141092448e-02,3.984377674283212656e-02,4.986444650565855646e-02,5.992450099416622711e-02,7.003139040412549587e-02,8.019232107113460906e-02,9.041420201393220168e-02,1.007035853873545356e-01,1.110665998707525137e-01,1.215088759939850216e-01,1.320354623891926427e-01,1.426507319581163113e-01,1.533582769687510117e-01,1.641607921499981526e-01,1.750599449486655024e-01,1.860562322611900854e-01,1.971488231659597190e-01,2.083353874756700697e-01,2.196119103183838128e-01,2.309724934570006050e-01,2.424091446853178233e-01,2.539115574086113214e-01,2.654668834378436926e-01,2.770595031032804800e-01,2.886707980206057456e-01,3.002789332031130520e-01,3.118586566734043997e-01,3.233811262331039993e-01,3.348137745211136607e-01,3.461202248249113933e-01,3.572602711725547664e-01,3.681899368668580808e-01,3.788616256490883738e-01,3.892243789096905826e-01,3.992242506174179528e-01,4.088048087650007489e-01,4.179077680349905233e-01,4.264737530667826459e-01,4.344431852640728287e-01,4.417572787697981451e-01,4.483591234516548507e-01,4.541948250276457988e-01,4.592146654723875954e-01,4.633742412938094968e-01,4.666355338493054505e-01,4.689678651632481210e-01,4.703486950937154076e-01,4.707642212751178556e-01,4.702097518088526606e-01,4.686898316310101342e-01,4.662181160177371053e-01,4.628169977677399349e-01,4.585170071329464081e-01,4.533560145253256457e-01,4.473782745732642896e-01,4.406333556797566442e-01,4.331750016206871168e-01,4.250599710142899945e-01,4.163468970723987472e-01,4.070952044930107316e-01,3.973641133650619994e-01,3.872117522426918867e-01,3.766943947624504796e-01,3.658658268647311251e-01,3.547768452391475424e-01,3.434748822909853283e-01,3.320037488315852880e-01,3.204034828224078257e-01,3.087102907565939525e-01,2.969565674922733378e-01,2.851709803779801100e-01,2.733786041446846782e-01,2.616010941024807801e-01,2.498568865143494522e-01,2.381614164919489685e-01,2.265273452640276797e-01,2.149647901285437479e-01,2.034815517608611068e-01,1.920833347785282641e-01,1.807739585408568717e-01,1.695555560838420128e-01,1.584287598620194026e-01,1.473928735988649930e-01,1.364460300500938417e-01,1.255853348754349952e-01,1.148069971102387288e-01,1.041064469443441359e-01,9.347844166651599063e-02,8.291716073169949630e-02,7.241629096684724931e-02,6.196910295917470307e-02,5.156851967677713450e-02,4.120717836263582817e-02,3.087748672483486834e-02,2.057167442294044468e-02,1.028184082656937240e-02,0.000000000000000000e+00
0.000000000000000000e+00,9.985752586647711829e-03,1.997870709087828586e-02,2.998598698974904928e-02,4.001463365141985640e-02,5.007156343520625941e-02,6.016352251916266131e-02,7.029703867841537168e-02,8.047836922322181008e-02,9.071344429086936056e-02,1.010078046721969991e-01,1.113665333445036515e-01,1.217941798813632071e-01,1.322946769207087592e-01,1.428712479006740976e-01,1.535263053243287046e-01,1.642613388969159094e-01,1.750767930009478057e-01,1.859719331450688518e-01,1.969447012524802310e-01,2.079915599551996341e-01,2.191073264430712098e-01,2.302849968925106683e-01,2.415155630795056407e-01,2.527878234719451167e-01,2.640881919014864687e-01,2.754005078323584765e-01,2.867058532630144541e-01,2.979823823945813022e-01,3.092051713423564219e-01,3.203460963015487550e-01,3.313737496363063917e-01,3.422534042526390041e-01,3.529470372333198824e-01,3.634134239325929605e-01,3.736083134170228859e-01,3.834846951624097389e-01,3.929931651547014515e-01,4.020823969049913127e-01,4.106997193343477903e-01,4.187917990434424920e-01,4.263054192732329550e-01,4.331883421066799467e-01,4.393902344825926232e-01,4.448636328109002447e-01,4.495649158821595770e-01,4.534552518678952038e-01,4.565014829984005984e-01,4.586769113752446891e-01,4.599619515680062887e-01,4.603446201971619911e-01,4.598208394260912546e-01,4.583945397553415568e-01,4.560775571189452093e-01,4.528893292832375517e-01,4.488564061552835494e-01,4.440117970782113677e-01,4.383941849118071499e-01,4.320470412491465018e-01,4.250176793123595642e-01,4.173562809412869612e-01,4.091149318788417921e-01,4.003466956607505400e-01,3.911047513209483517e-01,3.814416143421393568e-01,3.714084543022946883e-01,3.610545169116428088e-01,3.504266529261758079e-01,3.395689519830004111e-01,3.285224758487410024e-01,3.173250829345244939e-01,3.060113341693134204e-01,2.946124693471909861e-01,2.831564427530058325e-01,2.716680070908787381e-01,2.601688353578983648e-01,2.486776711973716358e-01,2.372104993243347726e-01,2.257807287515446459e-01,2.143993826871396779e-01,2.030752900739518640e-01,1.918152747598087793e-01,1.806243392063460462e-01,1.695058404500872640e-01,1.584616567213690541e-01,1.474923437076506028e-01,1.365972799254413506e-01,1.257748010495380597e-01,1.150223233508128051e-01,1.043364566259694648e-01,9.371310717583465622e-02,8.314757151336223118e-02,7.263462156820069127e-02,6.216858220982866140e-02,5.174340194326093600e-02,4.135271764635763125e-02,3.098991422106818841e-02,2.064818002675818456e-02,1.032055895554468729e-02,0.000000000000000000e+00
0.000000000000000000e+00,1.002351513775479562e-02,2.005342122343665642e-02,3.009602611084484167e-02,4.015754741988847298e-02,5.024406575515296541e-02,6.036147587535353742e-02,7.051543512269985159e-02,8.071130841664304889e-02,9.095410911364777695e-02,1.012484350355903062e-01,1.115983989767073276e-01,1.220075530159436261e-01,1.324788059919253247e-01,1.430143335462594201e-01,1.536154802128069652e-01,1.642826531322190697e-01,1.750152071092821171e-01,1.858113209131909138e-01,1.966678649558649405e-01,2.075802607792581744e-01,2.185423331473889674e-01,2.295461559799066853e-01,2.405818938870049051e-01,2.516376416733545063e-01,2.626992648702707878e-01,2.737502451238570944e-01,2.847715350982815141e-01,2.957414284242938507e-01,3.066354510993559712e-01,3.174262815804225757e-01,3.280837075431675687e-01,3.385746278384824670e-01,3.488631084724975184e-01,3.589105013755071183e-01,3.686756342100899753e-01,3.781150784062958237e-01,3.871835009243138614e-01,3.958341028830434927e-01,4.040191451489833496e-01,4.116905573022288101e-01,4.188006222004209134e-01,4.253027238361522522e-01,4.311521415898741383e-01,4.363068696420805970e-01,4.407284365894352240e-01,4.443826975821258407e-01,4.472405699060769679e-01,4.492786831409426584e-01,4.504799169848996421e-01,4.508338035548479783e-01,4.503367762866078428e-01,4.489922541559554503e-01,4.468105573654230778e-01,4.438086583523240258e-01,4.400097793976174843e-01,4.354428547114052583e-01,4.301418801869339448e-01,4.241451777325460082e-01,4.174946030511749728e-01,4.102347259443221983e-01,4.024120108238452564e-01,3.940740223875834336e-01,3.852686776958029191e-01,3.760435615472743076e-01,3.664453174604467844e-01,3.565191220399493433e-01,3.463082463128520638e-01,3.358537039416624181e-01,3.251939831771816780e-01,3.143648570525965358e-01,3.033992646329290443e-01,2.923272550718356011e-01,2.811759857129509932e-01,2.699697654124613710e-01,2.587301345553969512e-01,2.474759737956240269e-01,2.362236342827721547e-01,2.249870829745790890e-01,2.137780575100348968e-01,2.026062259904183593e-01,1.914793478475355359e-01,1.804034327479466238e-01,1.693828951745608158e-01,1.584207029360215069e-01,1.475185183786331122e-01,1.366768315181447757e-01,1.258950846751544783e-01,1.151717884955770488e-01,1.045046294746618948e-01,9.389056928788160061e-02,8.332593637277205256e-02,7.280651031015439312e-02,6.232759962808382542e-02,5.188411370353343544e-02,4.147062947060362048e-02,3.108145366457218395e-02,2.071068134216913492e-02,1.035225142324553045e-02,0.000000000000000000e+00
0.000000000000000000e+00,1.005500201618028319e-02,2.011562863238962676e-02,3.018741742063314748e-02,4.027580895723543997e-02,5.038609684625695168e-02,6.052337592187131271e-02,7.069248802436670087e-02,8.089796474801072557e-02,9.114396656617411441e-02,1.014342177517474769e-01,1.117719365313605828e-01,1.221597599431053366e-01,1.325996629127703108e-01,1.430928711270139930e-01,1.536397673679669174e-01,1.642397910875763589e-01,1.748913311471534671e-01,1.855916118340011356e-01,1.963365724987455319e-01,2.071207414400177693e-01,2.179371050027567869e-01,2.287769732568381564e-01,2.396298440862957568e-01,2.504832680456884342e-01,2.613227169248756310e-01,2.721314595974136386e-01,2.828904493953812160e-01,2.935782279316449528e-01,3.041708509476346856e-01,3.146418423594083968e-01,3.249621831562939933e-01,3.351003421147534800e-01,3.450223553581803215e-01,3.546919615497823308e-01,3.640707988801397677e-01,3.731186689402746781e-01,3.817938710076883568e-01,3.900536081941118338e-01,3.978544643216917476e-01,4.051529473645242851e-01,4.119060919204006188e-01,4.180721096218734112e-01,4.236110728644353340e-01,4.284856139710108702e-01,4.326616191973825520e-01,4.361088950829558053e-01,4.388017838064818821e-01,4.407197045984767581e-01,4.418475999855134839e-01,4.421762686831038347e-01,4.417025711832747170e-01,4.404294992574183665e-01,4.383661063780998068e-01,4.355273020566928222e-01,4.319335188768518852e-01,4.276102661782783532e-01,4.225875885746893101e-01,4.168994505314559951e-01,4.105830699518580595e-01,4.036782241130603133e-01,3.962265504482372913e-01,3.882708627710829141e-01,3.798545008244697541e-01,3.710207277765327216e-01,3.618121867562597571e-01,3.522704239650188973e-01,3.424354825285864101e-01,3.323455682245827769e-01,3.220367856383967164e-01,3.115429412221915051e-01,3.008954081684437343e-01,2.901230469390049804e-01,2.792521746654101911e-01,2.683065763929716185e-01,2.573075512096389406e-01,2.462739866094325880e-01,2.352224549222483030e-01,2.241673262371145225e-01,2.131208929036720323e-01,2.020935013755489063e-01,1.910936878276982553e-01,1.801283146145849223e-01,1.692027052218141314e-01,1.583207758911551188e-01,1.474851625637015884e-01,1.366973421876764849e-01,1.259577477784972199e-01,1.152658769033582248e-01,1.046203934961214693e-01,9.401922309665169952e-02,8.345964175798542550e-02,7.293835898078984692e-02,6.245159512304810506e-02,5.199515379884788596e-02,4.156448982810934112e-02,3.115477333297928322e-02,2.076095059981035787e-02,1.037780234092606536e-02,0.000000000000000000e+00
0.000000000000000000e+00,1.008098107676415160e-02,2.016686844294704115e-02,3.026247807297736611e-02,4.037252339842223314e-02,5.050156274311685956e-02,6.065394516387764140e-02,7.083375417497969617e-02,8.104474884481932540e-02,9.129030176843093425e-02,1.015733334414865296e-01,1.118962425921606607e-01,1.222608320692893519e-01,1.326682299415150035e-01,1.431188055359100264e-01,1.536120802396664931e-01,1.641466330088538761e-01,1.747200006783635740e-01,1.853285733513264921e-01,1.959674853688798679e-01,2.066305026260139011e-01,2.173099073095063338e-01,2.279963814913955888e-01,2.386788914160295205e-01,2.493445747676454605e-01,2.599786336926065422e-01,2.705642368652886876e-01,2.810824344134949526e-01,2.915120900364497336e-01,3.018298351274842917e-01,3.120100501191470643e-01,3.220248785586474760e-01,3.318442795484288776e-01,3.414361240986125146e-01,3.507663405823006064e-01,3.597991138117543342e-01,3.684971412219314457e-01,3.768219482311722102e-01,3.847342630414257170e-01,3.921944489648685472e-01,3.991629898761062112e-01,4.056010216826346215e-01,4.114708999118045218e-01,4.167367907950700334e-01,4.213652707801850972e-01,4.253259174215335281e-01,4.285918732846974444e-01,4.311403640239516166e-01,4.329531522739311078e-01,4.340169104967129265e-01,4.343234984212724914e-01,4.338701340978480814e-01,4.326594516789227240e-01,4.306994435791439702e-01,4.280032893625765889e-01,4.245890782462800606e-01,4.204794361984363626e-01,4.157010719947938915e-01,4.102842590930360078e-01,4.042622716846329678e-01,3.976707937664077930e-01,3.905473195967025801e-01,3.829305625869887653e-01,3.748598876994265194e-01,3.663747799708420572e-01,3.575143590662667181e-01,3.483169469708840560e-01,3.388196932228759728e-01,3.290582596021806028e-01,3.190665640148363513e-01,3.088765815054119734e-01,2.985181989135898273e-01,2.880191186597192421e-01,2.774048064714945694e-01,2.666984775085337045e-01,2.559211152539501155e-01,2.450915176693642117e-01,2.342263654004457241e-01,2.233403072262566125e-01,2.124460584253284046e-01,2.015545082492435358e-01,1.906748332221250286e-01,1.798146135001253976e-01,1.689799500130604870e-01,1.581755805602702014e-01,1.474049934384321636e-01,1.366705375377028076e-01,1.259735281541138896e-01,1.153143480324100023e-01,1.046925433775995062e-01,9.410691475927868144e-02,8.355560298459337176e-02,7.303617013793174684e-02,6.254567608238782717e-02,5.208075079374897831e-02,4.163766295593777922e-02,3.121238529075614013e-02,2.080065712729310679e-02,1.039804473988261389e-02,0.000000000000000000e+00
0.000000000000000000e+00,1.010217201797957744e-02,2.020858286042848118e-02,3.032337832399670946e-02,4.045059718169895235e-02,5.059411655820514331e-02,6.075759593078539078e-02,7.094441931392156397e-02,8.115763520117431906e-02,9.139989385954175316e-02,1.016733816007354269e-01,1.119797516923337066e-01,1.223200516217621825e-01,1.326946464899233791e-01,1.431031383917650557e-01,1.535442817411108440e-01,1.640158946197949053e-01,1.745147663797751436e-01,1.850365619045400145e-01,1.955757231456332346e-01,2.061253687937344148e-01,2.166771932228190034e-01,2.272213661605193280e-01,2.377464348860840182e-01,2.482392311351137859e-01,2.586847852903176870e-01,2.690662508490633820e-01,2.793648425663797785e-01,2.895597920566219119e-01,2.996283249733712739e-01,3.095456641457378089e-01,3.192850631958435992e-01,3.288178751594125204e-01,3.381136604398982115e-01,3.471403380082460632e-01,3.558643830812195374e-01,3.642510735456651050e-01,3.722647861314769546e-01,3.798693417774745007e-01,3.870283978092891597e-01,3.937058825095773873e-01,3.998664654889741987e-01,4.054760550681910103e-01,4.105023117876999139e-01,4.149151653174286691e-01,4.186873205959313338e-01,4.217947381300731768e-01,4.242170731530345851e-01,4.259380588540165324e-01,4.269458201911326412e-01,4.272331068549193867e-01,4.267974366777469442e-01,4.256411440406405733e-01,4.237713314228855332e-01,4.211997259498919122e-01,4.179424463886544650e-01,4.140196892964283504e-01,4.094553457560613507e-01,4.042765621874704896e-01,3.985132600228670219e-01,3.921976295489849051e-01,3.853636129864147497e-01,3.780463909777886933e-01,3.702818852137249039e-01,3.621062880815272278e-01,3.535556281277889012e-01,3.446653779282254360e-01,3.354701087862831943e-01,3.260031946435111849e-01,3.162965657597567315e-01,3.063805111629318567e-01,2.962835276037560917e-01,2.860322117855974011e-01,2.756511919607001482e-01,2.651630945660883865e-01,2.545885413813551157e-01,2.439461726880978454e-01,2.332526920578714968e-01,2.225229286546210328e-01,2.117699132745207713e-01,2.010049647312996957e-01,1.902377836037224823e-01,1.794765507741683808e-01,1.687280285881225805e-01,1.579976628430773966e-01,1.472896841645540966e-01,1.366072076425850490e-01,1.259523298821783599e-01,1.153262228660706656e-01,1.047292242388037642e-01,9.416092380009705165e-02,8.362024614543721313e-02,7.310552951588915327e-02,6.261460102050718513e-02,5.214484847651745802e-02,4.169328917754983044e-02,3.125663595129248018e-02,2.083136090736786503e-02,1.041375730601646309e-02,0.000000000000000000e+00
0.000000000000000000e+00,1.011924357228243671e-02,2.024211162419685059e-02,3.037213339778936996e-02,4.051272755273843673e-02,5.066714593455199506e-02,6.083841617781238914e-02,7.102928277741087093e-02,8.124214628046183551e-02,9.147900027815325519e-02,1.017413659114158875e-01,1.120302236484912728e-01,1.223459421479863030e-01,1.326882040897686965e-01,1.430559289402325851e-01,1.534471927202951391e-01,1.638591449663084065e-01,1.742879232180865878e-01,1.847285655365528134e-01,1.951749217476484721e-01,2.056195643301802212e-01,2.160537001131544177e-01,2.264670842216849056e-01,2.368479380067478879e-01,2.471828730078798331e-01,2.574568233217465751e-01,2.676529890727331606e-01,2.777527939904005927e-01,2.877358603752772082e-01,2.975800049578652406e-01,3.072612593013961946e-01,3.167539184394763119e-01,3.260306213462968450e-01,3.350624665803959568e-01,3.438191659959771163e-01,3.522692387560514837e-01,3.603802469947000597e-01,3.681190733581238828e-01,3.754522393171226269e-01,3.823462616159324368e-01,3.887680425520812499e-01,3.946852880374442374e-01,4.000669456590364437e-01,4.048836533417452532e-01,4.091081878260531268e-01,4.127159011250345344e-01,4.156851325213513637e-01,4.179975835923881999e-01,4.196386442665224759e-01,4.205976590343869503e-01,4.208681241411413865e-01,4.204478087994429902e-01,4.193387960766887246e-01,4.175474419788564040e-01,4.150842542095952159e-01,4.119636949519770441e-01,4.082039146342201219e-01,4.038264258544267404e-01,3.988557283415331556e-01,3.933188969506334898e-01,3.872451452057348309e-01,3.806653768304889551e-01,3.736117371040054702e-01,3.661171748301662032e-01,3.582150243198454209e-01,3.499386151692251978e-01,3.413209158859241699e-01,3.323942156703393880e-01,3.231898469895277404e-01,3.137379500534561716e-01,3.040672789666539200e-01,2.942050482109426768e-01,2.841768172282259641e-01,2.740064102129137757e-01,2.637158677769031456e-01,2.533254268937492615e-01,2.428535254356042061e-01,2.323168276575566238e-01,2.217302671301626671e-01,2.111071038449073567e-01,2.004589924945364698e-01,1.897960592395257218e-01,1.791269845958555207e-01,1.684590904038117398e-01,1.577984291521324633e-01,1.471498742288334938e-01,1.365172099444371123e-01,1.259032204221270657e-01,1.153097766713057915e-01,1.047379213561535211e-01,9.418795094004937807e-02,8.365949503171389579e-02,7.315159288167943918e-02,6.266276708040521837e-02,5.219109459429711884e-02,4.173427534528135335e-02,3.128969859549261823e-02,2.085450744295592670e-02,1.042566176850607228e-02,0.000000000000000000e+00
0.000000000000000000e+00,1.013281123050530086e-02,2.026868752792119338e-02,3.041059694693327986e-02,4.056139418544518066e-02,5.072376312676251525e-02,6.090015841227731930e-02,7.109274574671191338e-02,8.130334066090558198e-02,9.153334548734964882e-02,1.017836843422471882e-01,1.120547359559854322e-01,1.223462642529836025e-01,1.326573466534009815e-01,1.429863001548054291e-01,1.533306053532351165e-01,1.636868286817429186e-01,1.740505432819191567e-01,1.844162490811854238e-01,1.947772928264953907e-01,2.051257890234493286e-01,2.154525429477907594e-01,2.257469771316431562e-01,2.359970629760220207e-01,2.461892593986305666e-01,2.563084606841416480e-01,2.663379559530388851e-01,2.762594028921083744e-01,2.860528185795313538e-01,2.956965903725052303e-01,3.051675098853579571e-01,3.144408330497286408e-01,3.234903690934464171e-01,3.322886009799706497e-01,3.408068393970188348e-01,3.490154117572782932e-01,3.568838868690288324e-01,3.643813349526558998e-01,3.714766215348395684e-01,3.781387324737015554e-01,3.843371259981524513e-01,3.900421062405256545e-01,3.952252113738731754e-01,3.998596082147231612e-01,4.039204841045583860e-01,4.073854261239173158e-01,4.102347772985664442e-01,4.124519594887912644e-01,4.140237531483539346e-01,4.149405251081300650e-01,4.151963969574352653e-01,4.147893484069881676e-01,4.137212521342272797e-01,4.119978389227393345e-01,4.096285942851431994e-01,4.066265900698063929e-01,4.030082566685688206e-01,3.987931032536501386e-01,3.940033948899037131e-01,3.886637963371507576e-01,3.828009928528814942e-01,3.764432983372725805e-01,3.696202607681537966e-01,3.623622741142672465e-01,3.547002048677790897e-01,3.466650400865457504e-01,3.382875624691066840e-01,3.295980565813781960e-01,3.206260489841831207e-01,3.114000837324719662e-01,3.019475335731267585e-01,2.922944461866570642e-01,2.824654240133103178e-01,2.724835355787081359e-01,2.623702557812193636e-01,2.521454323088805904e-01,2.418272751991410452e-01,2.314323665187369705e-01,2.209756872015236351e-01,2.104706582175489560e-01,1.999291934370655832e-01,1.893617617807488163e-01,1.787774564968790114e-01,1.681840696650661882e-01,1.575881702842343579e-01,1.469951845524587186e-01,1.364094771823445018e-01,1.258344328143227997e-01,1.152725367893382702e-01,1.047254547209563180e-01,9.419411046489881145e-02,8.367876222205555825e-02,7.317907663022163445e-02,6.269420080157926678e-02,5.222283234882922620e-02,4.176328751446603538e-02,3.131356757654529810e-02,2.087142375184768139e-02,1.043442085490181234e-02,0.000000000000000000e+00
0.000000000000000000e+00,1.014343542882215586e-02,2.028943286180102945e-02,3.044045588769541885e-02,4.059885261954206126e-02,5.076679732530248179e-02,6.094623126800730040e-02,7.113880252010770788e-02,8.134580454200444899e-02,9.156811334757632148e-02,1.018061231208122336e-01,1.120596801983086699e-01,1.223280153934968029e-01,1.326096747111399909e-01,1.429024485860455607e-01,1.532032998791743039e-01,1.635082909783918126e-01,1.738125104807645982e-01,1.841100000789337443e-01,1.943936824356637116e-01,2.046552910073254350e-01,2.148853029672574411e-01,2.250728765808610587e-01,2.352057945919142357e-01,2.452704153883310534e-01,2.552516339181297722e-01,2.651328545134987724e-01,2.748959779414110738e-01,2.845214051201551131e-01,2.939880600076451578e-01,3.032734341633701591e-01,3.123536553945246985e-01,3.212035827017262202e-01,3.297969294255576056e-01,3.381064160496382032e-01,3.461039535311146720e-01,3.537608573036963855e-01,3.610480912378806195e-01,3.679365398635923157e-01,3.743973060884226434e-01,3.804020305174097283e-01,3.859232273458892970e-01,3.909346307125263764e-01,3.954115444288255898e-01,3.993311872105118066e-01,4.026730249892692126e-01,4.054190816370614181e-01,4.075542195330398298e-01,4.090663818701696375e-01,4.099467894382309296e-01,4.101900858102672243e-01,4.097944263547924071e-01,4.087615082274355105e-01,4.070965403765954838e-01,4.048081545297383954e-01,4.019082600078631717e-01,3.984118469470691037e-01,3.943367440014169945e-01,3.897033377917482611e-01,3.845342622047120962e-01,3.788540661134381371e-01,3.726888681891758481e-01,3.660660072270385812e-01,3.590136958622155428e-01,3.515606847622307352e-01,3.437359434101596167e-01,3.355683625094613154e-01,3.270864819068467488e-01,3.183182468025611556e-01,3.092907939456354116e-01,3.000302685324800489e-01,2.905616716669782718e-01,2.809087375147457100e-01,2.710938386997227556e-01,2.611379180460634553e-01,2.510604444544758396e-01,2.408793905074039232e-01,2.306112293065500085e-01,2.202709480426593980e-01,2.098720758644458395e-01,1.994267237349476585e-01,1.889456341246708859e-01,1.784382385785344693e-01,1.679127213967258614e-01,1.573760878788659501e-01,1.468342357890917993e-01,1.362920289011385344e-01,1.257533716732300022e-01,1.152212842797916414e-01,1.046979773890219928e-01,9.418492622142163317e-02,8.368294355434502396e-02,7.319225145190814963e-02,6.271255159885760766e-02,5.224309420223861161e-02,4.178274549694683399e-02,3.133005395159148276e-02,2.088331532060069481e-02,1.044063672813504845e-02,0.000000000000000000e+00
0.000000000000000000e+00,1.015162012998978985e-02,2.030535663902843790e-02,3.046322640056032399e-02,4.062712923061625320e-02,5.079878886063139698e-02,6.097969328041876608e-02,7.117103427174092944e-02,8.137364597983698378e-02,9.158794240492093564e-02,1.018138537387020953e-01,1.120507615231197268e-01,1.222974326704853176e-01,1.325519524569016006e-01,1.428116566849084446e-01,1.530730633074639802e-01,1.633318039140809752e-01,1.735825556014206905e-01,1.838189738847317289e-01,1.940336274525412408e-01,2.042179357236379167e-01,2.143621103305013986e-01,2.244551018238332418e-01,2.344845530645076892e-01,2.444367609365896699e-01,2.542966481711553817e-01,2.640477472071884879e-01,2.736721981230039735e-01,2.831507627383968995e-01,2.924628570018435458e-01,3.015866037257791676e-01,3.104989076033203843e-01,3.191755542196251239e-01,3.275913344498757040e-01,3.357201952059358785e-01,3.435354169515343337e-01,3.510098177530963648e-01,3.581159828784899468e-01,3.648265181149601410e-01,3.711143240745411465e-01,3.769528878227610957e-01,3.823165872446250280e-01,3.871810026970976537e-01,3.915232297399995343e-01,3.953221861387984370e-01,3.985589059417888325e-01,4.012168132925578723e-01,4.032819687773744333e-01,4.047432815428484432e-01,4.055926811512076680e-01,4.058252441495632801e-01,4.054392715776707901e-01,4.044363150713281563e-01,4.028211507676126013e-01,4.006017018070486824e-01,3.977889117768801386e-01,3.943965728722693687e-01,3.904411138004220128e-01,3.859413534617089914e-01,3.809182271739177672e-01,3.753944926415484495e-01,3.693944230109069693e-01,3.629434942102297001e-01,3.560680733832412570e-01,3.487951146262039948e-01,3.411518674813927565e-01,3.331656027753047700e-01,3.248633594682831527e-01,3.162717152499429640e-01,3.074165827120398653e-01,2.983230320896474441e-01,2.890151408069252525e-01,2.795158694113079600e-01,2.698469629380369494e-01,2.600288763173541073e-01,2.500807221158095062e-01,2.400202386833223123e-01,2.298637766483698219e-01,2.196263016527780498e-01,2.093214112321489795e-01,1.989613638151347952e-01,1.885571179224220517e-01,1.781183797832690818e-01,1.676536577440123910e-01,1.571703220107443233e-01,1.466746684404788004e-01,1.361719852660558394e-01,1.256666218055413897e-01,1.151620583638504614e-01,1.046609766806112923e-01,9.416533041254161740e-02,8.367641526013511188e-02,7.319493845705442314e-02,6.272108743646942486e-02,5.225459757210188655e-02,4.179481896354622639e-02,3.134078229621856115e-02,2.089126385675790787e-02,1.044484982556159562e-02,0.000000000000000000e+00
0.000000000000000000e+00,1.015781173488757017e-02,2.031735247764327248e-02,3.048025090062852702e-02,4.064801746805687260e-02,5.082198495032599211e-02,6.100324844946026365e-02,7.119260480462584473e-02,8.139049127472107459e-02,9.159692343087039168e-02,1.018114322357246831e-01,1.120330003393121138e-01,1.222599976833067259e-01,1.324901165774931278e-01,1.427203064943121658e-01,1.529467089199676999e-01,1.631645927037170263e-01,1.733682904604463004e-01,1.835511367048340836e-01,1.937054085272154891e-01,2.038222697599759436e-01,2.138917197264566250e-01,2.239025478086647536e-01,2.338422952112794162e-01,2.436972254322452014e-01,2.534523050682342959e-01,2.630911966789729051e-01,2.725962654993313583e-01,2.819486018128140592e-01,2.911280607746784543e-01,3.001133213872157479e-01,3.088819661739171107e-01,3.174105828645419347e-01,3.256748890825148512e-01,3.336498806153662122e-01,3.413100033475215400e-01,3.486293483466869070e-01,3.555818689298809177e-01,3.621416178084002069e-01,3.682830016446155819e-01,3.739810495756364372e-01,3.792116915032311408e-01,3.839520412538532934e-01,3.881806791174750582e-01,3.918779278192904836e-01,3.950261157014622326e-01,3.976098208240940735e-01,3.996160898577679199e-01,4.010346260448827693e-01,4.018579411508461097e-01,4.020814671916331240e-01,4.017036247799707915e-01,4.007258461342694256e-01,3.991525520883421052e-01,3.969910837652551039e-01,3.942515908725739426e-01,3.909468797781694427e-01,3.870922255815240631e-01,3.827051532609911377e-01,3.778051936213389639e-01,3.724136201708848626e-01,3.665531732207736870e-01,3.602477774310638980e-01,3.535222587515188808e-01,3.464020662504914139e-01,3.389130037302955922e-01,3.310809753320853588e-01,3.229317485777913888e-01,3.144907375190121868e-01,3.057828078965796892e-01,2.968321054879927146e-01,2.876619081549744439e-01,2.782945015156196300e-01,2.687510776644868038e-01,2.590516559535878116e-01,2.492150245269667275e-01,2.392587010672024561e-01,2.291989110567277943e-01,2.190505817715311665e-01,2.088273501998004489e-01,1.985415831031975553e-01,1.882044075037632436e-01,1.778257499755639681e-01,1.674143832385779629e-01,1.569779786854938464e-01,1.465231636136384297e-01,1.360555820788727777e-01,1.255799584316962259e-01,1.151001627346900091e-01,1.046192773923245722e-01,9.413966444730768879e-02,8.366303311093213624e-02,7.319050719763815771e-02,6.272269222597968985e-02,5.225974202939715624e-02,4.180142479087691626e-02,3.134718847608117254e-02,2.089622569028526389e-02,1.044753802590874317e-02,0.000000000000000000e+00
0.000000000000000000e+00,1.016239826558037497e-02,2.032619701955507008e-02,3.049269579889032564e-02,4.066307511923825113e-02,5.083833668256278887e-02,6.101924321617185898e-02,7.120625785325383761e-02,8.139948299378446661e-02,9.159859862119237861e-02,1.018028000947755474e-01,1.120107354908780606e-01,1.222204426275851630e-01,1.324292859784221843e-01,1.426338937603980617e-01,1.528300955706863029e-01,1.630128610440399195e-01,1.731762401091192505e-01,1.833133055353328711e-01,1.934160985811175237e-01,2.034755786778239262e-01,2.134815782078712254e-01,2.234227635582065885e-01,2.332866037461394371e-01,2.430593480192836386e-01,2.527260139187263999e-01,2.622703873579386724e-01,2.716750363019507786e-01,2.809213396240041183e-01,2.899895326621049207e-01,2.988587708876303539e-01,3.075072129249685204e-01,3.159121239189081054e-01,3.240499999307769330e-01,3.318967136533986784e-01,3.394276812702745616e-01,3.466180497515068959e-01,3.534429032878603216e-01,3.598774869298885237e-01,3.658974448411017599e-01,3.714790699172313415e-01,3.765995608962511287e-01,3.812372825172719026e-01,3.853720238132549158e-01,3.889852492744786394e-01,3.920603374256693696e-01,3.945828013431565418e-01,3.965404858153231960e-01,3.979237362265789502e-01,3.987255348179417069e-01,3.989416007306472722e-01,3.985704511466114930e-01,3.976134218648590402e-01,3.960746467523649228e-01,3.939609966323174284e-01,3.912819792721468071e-01,3.880496031589915074e-01,3.842782086577070655e-01,3.799842708999093821e-01,3.751861793254757105e-01,3.699039991749460965e-01,3.641592204082809703e-01,3.579744995089886861e-01,3.513733994387176485e-01,3.443801326595529733e-01,3.370193116682231316e-01,3.293157109200512966e-01,3.212940433932705009e-01,3.129787543876110800e-01,3.043938344933190820e-01,2.955626530325458634e-01,2.865078126841711370e-01,2.772510254705012889e-01,2.678130098199164588e-01,2.582134080289008038e-01,2.484707231315013698e-01,2.386022739423217520e-01,2.286241668663363535e-01,2.185512829588830974e-01,2.083972786647692310e-01,1.981745986584775576e-01,1.878944992398147718e-01,1.775670808030968550e-01,1.672013279856743861e-01,1.568051562065581328e-01,1.463854634222035156e-01,1.359481860490779348e-01,1.254983581272647586e-01,1.150401729226278869e-01,1.045770462843073484e-01,9.411168118750404266e-02,8.364613299719408923e-02,7.318187508559319265e-02,6.271986452427094627e-02,5.226060765049047457e-02,4.180422537654332471e-02,3.135051817064390262e-02,2.089903068853656704e-02,1.044911607658216383e-02,0.000000000000000000e+00
0.000000000000000000e+00,1.016570876700916178e-02,2.033254878043950359e-02,3.050154989371815090e-02,4.067362238356246606e-02,5.084949696218399318e-02,6.102966451989354224e-02,7.121431554187561408e-02,8.140327917210374298e-02,9.159596193426669530e-02,1.017912861643698180e-01,1.119876282625591607e-01,1.221827569328336055e-01,1.323737716487154437e-01,1.425570416605715096e-01,1.527281459458479929e-01,1.628818145965021946e-01,1.730118722375537099e-01,1.831111841757467051e-01,1.931716060861478623e-01,2.031839381549246371e-01,2.131378847057817383e-01,2.230220204421601293e-01,2.328237645332281169e-01,2.425293638541149155e-01,2.521238867543257323e-01,2.615912287667711555e-01,2.709141316768702845e-01,2.800742173399873303e-01,2.890520375593206848e-01,2.978271412089014691e-01,3.063781596020364595e-01,3.146829108600573965e-01,3.227185237271798512e-01,3.304615809046020924e-01,3.378882815435986786e-01,3.449746220496227034e-01,3.516965938174944073e-01,3.580303959557445959e-01,3.639526604841261115e-01,3.694406869238355817e-01,3.744726826695444211e-01,3.790280050622351071e-01,3.830874006988728708e-01,3.866332372447386367e-01,3.896497228795968160e-01,3.921231085277669393e-01,3.940418682062659106e-01,3.953968531783337292e-01,3.961814161169845971e-01,3.963915021508407910e-01,3.960257044597497722e-01,3.950852829802616872e-01,3.935741457345722227e-01,3.914987932708371421e-01,3.888682276563021345e-01,3.856938283573029813e-01,3.819891981354601729e-01,3.777699827570709656e-01,3.730536688300888915e-01,3.678593644363110093e-01,3.622075674105765253e-01,3.561199261377969716e-01,3.496189976040875447e-01,3.427280071682213269e-01,3.354706141368042904e-01,3.278706867566314465e-01,3.199520897074366044e-01,3.117384866139611410e-01,3.032531595224444709e-01,2.945188467248535114e-01,2.855575997824779666e-01,2.763906601130526330e-01,2.670383550724660382e-01,2.575200130897323247e-01,2.478538971051605921e-01,2.380571553164947673e-01,2.281457880538007854e-01,2.181346294767499416e-01,2.080373427121386676e-01,1.978664270186093199e-01,1.876332355728835000e-01,1.773480025106131674e-01,1.670198779187100913e-01,1.566569695586709221e-01,1.462663901965173541e-01,1.358543095197097816e-01,1.254260097306488797e-01,1.149859440167168845e-01,1.045377972054238602e-01,9.408454801791243938e-02,8.362853243313993212e-02,7.317150776726528971e-02,6.271471715725659979e-02,5.225895421394929907e-02,4.180462767741004171e-02,3.135182596636484909e-02,2.090038156362644325e-02,1.044993522098207860e-02,0.000000000000000000e+00
0.000000000000000000e+00,1.016801288079454899e-02,2.033694733711985045e-02,3.050762325162447927e-02,4.068074056688859158e-02,5.085681918022907921e-02,6.103613864619322760e-02,7.121867765668017658e-02,8.140405329807694212e-02,9.159146012186142327e-02,1.017796091099200523e-01,1.119666666684333151e-01,1.221501938446114405e-01,1.323270860287220907e-01,1.424935134794997615e-01,1.526448630937274620e-01,1.627756819298331048e-01,1.728796230897451658e-01,1.829493946616212452e-01,1.929767125265879346e-01,2.029522579330002852e-01,2.128656408391194632e-01,2.227053701160890686e-01,2.324588317836880913e-01,2.421122765169815838e-01,2.516508177076048902e-01,2.610584413835086992e-01,2.703180292797813800e-01,2.794113963048080462e-01,2.883193435548818684e-01,2.970217278913100389e-01,3.054975489028448621e-01,3.137250538300290770e-01,3.216818607256834439e-01,3.293450997684383430e-01,3.366915722377550324e-01,3.436979262061606866e-01,3.503408475175344150e-01,3.565972641126758935e-01,3.624445612516472015e-01,3.678608046858765634e-01,3.728249683732194342e-01,3.773171629287332407e-01,3.813188606854881479e-01,3.848131130246110199e-01,3.877847555404304036e-01,3.902205966493055844e-01,3.921095854381542178e-01,3.934429548828875522e-01,3.942143370426797189e-01,3.944198474405165578e-01,3.940581365538901037e-01,3.931304071357097363e-01,3.916403969334313895e-01,3.895943272399596813e-01,3.870008185578234783e-01,3.838707754543512207e-01,3.802172433990389511e-01,3.760552409788717187e-01,3.714015713631407811e-01,3.662746172235782915e-01,3.606941235031537740e-01,3.546809724696989297e-01,3.482569553973225429e-01,3.414445450035901719e-01,3.342666724521600741e-01,3.267465123302989993e-01,3.189072785510878028e-01,3.107720336338286593e-01,3.023635133046401746e-01,2.937039678518472696e-01,2.848150211841375401e-01,2.757175480869939466e-01,2.664315697647282599e-01,2.569761673984075623e-01,2.473694131478965386e-01,2.376283177803079349e-01,2.277687939162472974e-01,2.178056337464877867e-01,2.077524999808665618e-01,1.976219287431454363e-01,1.874253431146520599e-01,1.771730760498678725e-01,1.668744014329718028e-01,1.565375721101724127e-01,1.461698638133723249e-01,1.357776239817379826e-01,1.253663245850733521e-01,1.149406181530932547e-01,1.045043963148914179e-01,9.406085025076788009e-02,8.361253255227305003e-02,7.316142007442175133e-02,6.270897744548470376e-02,5.225622097383009201e-02,4.180378275747798078e-02,3.135197486004650397e-02,2.090085346645779649e-02,1.045028297308808404e-02,0.000000000000000000e+00
0.000000000000000000e+00,1.016952055137906354e-02,2.033981277263563481e-02,3.051154645699136192e-02,4.068527123491757352e-02,5.086135640363913246e-02,6.103993061966053735e-02,7.122082144292926631e-02,8.140349475082180042e-02,9.158699407725651165e-02,1.017698799769536644e-01,1.119501695671793473e-01,1.221252764591411188e-01,1.322919513583579176e-01,1.424462236874447785e-01,1.525833446652719860e-01,1.626977323625546645e-01,1.727829193444705147e-01,1.828315036043877961e-01,1.928351035873039632e-01,2.027843181947579232e-01,2.126686927519318149e-01,2.224766919989904779e-01,2.321956812385375934e-01,2.418119168250053297e-01,2.513105472150399811e-01,2.606756258054026554e-01,2.698901367613020796e-01,2.789360349782158965e-01,2.877943012192297201e-01,2.964450133234675655e-01,3.048674341859657910e-01,3.130401169634318137e-01,3.209410276634993564e-01,3.285476849292812696e-01,3.358373164406350808e-01,3.427870309257242121e-01,3.493740043212013036e-01,3.555756781495407748e-01,3.613699677132465871e-01,3.667354772556677966e-01,3.716517188263537830e-01,3.760993312354612428e-01,3.800602952065267326e-01,3.835181406583637598e-01,3.864581419806126239e-01,3.888674972253217677e-01,3.907354873256568828e-01,3.920536117733188219e-01,3.928156976330900996e-01,3.930179793342264416e-01,3.926591473361562001e-01,3.917403644968097121e-01,3.902652497483756200e-01,3.882398294772752001e-01,3.856724577816396660e-01,3.825737075104509999e-01,3.789562346463041242e-01,3.748346191550882001e-01,3.702251858727959588e-01,3.651458093202347710e-01,3.596157065252223450e-01,3.536552219898099203e-01,3.472856088739736946e-01,3.405288102887888413e-01,3.334072443170652544e-01,3.259435960261667375e-01,3.181606193261200533e-01,3.100809510763273824e-01,3.017269393756087936e-01,2.931204875007305533e-01,2.842829145035625782e-01,2.752348330494384654e-01,2.659960446891695973e-01,2.565854524116409352e-01,2.470209900273778181e-01,2.373195676878548099e-01,2.274970326504038576e-01,2.175681442524195486e-01,2.075465619578257814e-01,1.974448452791919273e-01,1.872744643555453170e-01,1.770458199736170690e-01,1.667682718536964426e-01,1.564501740753515557e-01,1.460989165881729224e-01,1.357209718340249005e-01,1.253219455961196716e-01,1.149066312831513587e-01,1.044790669508437048e-01,9.404259445616482138e-02,8.359992022920020860e-02,7.315317723270840788e-02,6.270398775854325868e-02,5.225352678253598199e-02,4.180258566448151469e-02,3.135163603715322017e-02,2.090089377752310518e-02,1.045038299445473842e-02,0.000000000000000000e+00
0.000000000000000000e+00,1.017038183172420431e-02,2.034144531326418856e-02,3.051377013177664424e-02,4.068781569286991640e-02,5.086386091836397200e-02,6.104194394031616649e-02,7.122180169112413139e-02,8.140280941913891066e-02,9.158392019634710446e-02,1.017636045293179581e-01,1.119397902367158248e-01,1.221098028161111265e-01,1.322703065893288399e-01,1.424172469887244608e-01,1.525457944259386300e-01,1.626502902689559715e-01,1.727241955414727526e-01,1.827600430490966543e-01,1.927493937277858227e-01,2.026827980987691014e-01,2.125497637980863219e-01,2.223387302244754504e-01,2.320370514127786943e-01,2.416309882870661396e-01,2.511057114736629514e-01,2.604453158543438840e-01,2.696328480091758073e-01,2.786503476320191242e-01,2.874789038950775200e-01,2.960987275883416592e-01,3.044892396625135667e-01,3.126291765586093896e-01,3.204967124142202861e-01,3.280695978977117844e-01,3.353253150421853235e-01,3.422412470380722382e-01,3.487948615067200664e-01,3.549639053297879432e-01,3.607266086656196746e-01,3.660618953608555382e-01,3.709495965815967633e-01,3.753706641621455398e-01,3.793073799189959905e-01,3.827435570200728443e-01,3.856647294483133703e-01,3.880583256649159374e-01,3.899138227666530954e-01,3.912228777438563898e-01,3.919794328755223933e-01,3.921797928340814421e-01,3.918226716977766255e-01,3.909092087616038991e-01,3.894429527728947016e-01,3.874298149670676872e-01,3.848779920142250122e-01,3.817978606802904795e-01,3.782018466318400329e-01,3.741042703499157795e-01,3.695211735480262716e-01,3.644701298018241387e-01,3.589700432871233970e-01,3.530409395892536439e-01,3.467037524959736272e-01,3.399801105286232028e-01,3.328921267160007691e-01,3.254621947893316936e-01,3.177127945929273944e-01,3.096663090824285924e-01,3.013448548390900705e-01,2.927701275812527593e-01,2.839632637178789443e-01,2.749447185763308488e-01,2.657341615573824978e-01,2.563503881320364219e-01,2.468112483017850523e-01,2.371335908988572161e-01,2.273332229060311682e-01,2.174248828253378674e-01,2.074222270186457107e-01,1.973378278769155059e-01,1.871831826443807745e-01,1.769687317242021607e-01,1.667038853183058222e-01,1.563970573012616883e-01,1.460557052915476273e-01,1.356863759590925533e-01,1.252947546917372312e-01,1.148857188317994604e-01,1.044633937843694044e-01,9.403121138884350250e-02,8.359197003252169522e-02,7.314789606824281809e-02,6.270070617576381511e-02,5.225167037795756808e-02,4.180167548722724113e-02,3.135128881433112830e-02,2.090082202076944465e-02,1.045039503680801965e-02,0.000000000000000000e+00
0.000000000000000000e+00,0.000000000000000000e+00,0.000000000000000000e+00,0.000000000000000000e+00,0.000000000000000000e+00,0.000000000000000000e+00,0.000000000000000000e+00,0.000000000000000000e+00,0.000000000000000000e+00,0.000000000000000000e+00,0.000000000000000000e+00,0.000000000000000000e+00,0.000000000000000000e+00,0.000000000000000000e+00,0.000000000000000000e+00,0.000000000000000000e+00,0.000000000000000000e+00,0.000000000000000000e+00,0.000000000000000000e+00,0.000000000000000000e+00,0.000000000000000000e+00,0.000000000000000000e+00,0.000000000000000000e+00,0.000000000000000000e+00,0.000000000000000000e+00,0.000000000000000000e+00,0.000000000000000000e+00,0.000000000000000000e+00,0.000000000000000000e+00,0.000000000000000000e+00,0.000000000000000000e+00,0.000000000000000000e+00,0.000000000000000000e+00,0.000000000000000000e+00,0.000000000000000000e+00,0.000000000000000000e+00,0.000000000000000000e+00,0.000000000000000000e+00,0.000000000000000000e+00,0.000000000000000000e+00,0.000000000000000000e+00,0.000000000000000000e+00,0.000000000000000000e+00,0.000000000000000000e+00,0.000000000000000000e+00,0.000000000000000000e+00,0.000000000000000000e+00,0.000000000000000000e+00,0.000000000000000000e+00,0.000000000000000000e+00,0.000000000000000000e+00,0.000000000000000000e+00,0.000000000000000000e+00,0.000000000000000000e+00,0.000000000000000000e+00,0.000000000000000000e+00,0.000000000000000000e+00,0.000000000000000000e+00,0.000000000000000000e+00,0.000000000000000000e+00,0.000000000000000000e+00,0.000000000000000000e+00,0.000000000000000000e+00,0.000000000000000000e+00,0.000000000000000000e+00,0.000000000000000000e+00,0.000000000000000000e+00,0.000000000000000000e+00,0.000000000000000000e+00,0.000000000000000000e+00,0.000000000000000000e+00,0.000000000000000000e+00,0.000000000000000000e+00,0.000000000000000000e+00,0.000000000000000000e+00,0.000000000000000000e+00,0.000000000000000000e+00,0.000000000000000000e+00,0.000000000000000000e+00,0.000000000000000000e+00,0.000000000000000000e+00,0.000000000000000000e+00,0.000000000000000000e+00,0.000000000000000000e+00,0.000000000000000000e+00,0.000000000000000000e+00,0.000000000000000000e+00,0.000000000000000000e+00,0.000000000000000000e+00,0.000000000000000000e+00,0.000000000000000000e+00,0.000000000000000000e+00,0.000000000000000000e+00,0.000000000000000000e+00,0.000000000000000000e+00,0.000000000000000000e+00,0.000000000000000000e+00,0.000000000000000000e+00,0.000000000000000000e+00,0.000000000000000000e+00
